00000000000000000000000000000000000000000000000000
00000000000000000000000000000000000000000000000000
00000000000000000000000000000000000000000000000000
00000000000000000000000000000000000000000000000000
00000000000000000000000000000000000000000000000000
00000000000000000000000000000000000000000000000000
00000000000000000000000000000000000000000000000000
00000000000000000000000000000000000000000000000000
00000000000000000000000000000000000000000000000000
00000000000000000000000000000000000000000000000000
00000000000000000000000000000000000000000000000000
00000000000000000000000000000000000000000000000000
00000000000000000000000000000000000000000000000000
00000000000000000000000000000000000000000000000000
00000000000000000000000000000000000000000000000000
00000000000000000000000000000000000000000000000000
00000000000000000000000000000000000000000000000000
00000000000000000000000000000000000000000000000000
00000000000000000000000000000000000000000000000000
00000000000000000000000000000000000000000000000000
00000000000000000000000000000000000000000000000000
00000000000000000000000000000000000000000000000000
00000000000000000000000000000000000000000000000000
00000000000000000000000000000000000000000000000000
00000000000000000000000000000000000000000000000000
00000000000000000000000000000000000000000000000000
00000000000000000000000000000000000000000000000000
00000000000000000000000000000000000000000000000000
00000010000011110000000000000000000000000000000000
00000111000111110000000000000000000000000000000000
00001111000110111110000000000000000000000000000000
00011111100100011110000000011000000000000000000000
00111011100110111111100000111100000000000000000000
00110011110111111111100001111110000000000000000000
00110001111111111111111011111110000000000000000000
00110011111111111111111011111110000000000000000000
00111111111111111111111111011100000000000000000000
00011111001111111111011111111000010000000000000000
00011111001111111110001111110000110000000000000000
00011111011111110111011111100000110000000000000000
00001111111111111111111111000001110110000000000000
01001111111111111111111110000011110111111100000000
01111111111111111111011100001111111111111110000000
01111111111111111111000000011111111111111110000000
01111111111111111111000000111111111111111110000000
01111111111111111111000001111111111111111110000000
01111111111111111111000011111111111111111110000000
01111111011111111111000111111111111111111110000000
01111111111111110011001111111111111111111110000000
01111111111111110011111111111111111111111110000000
01111111111111000011111111111111111111100111110000
01111110111111000011111111111111111111100111111000
01111100011111000011111111111111111110000111111000
01111110111110000111111111111111111110000111111000
01111111111100001111111111111111111100000111110000
01111111111000001111111111111111111100001111000000
00111111110000000111111111111111111100001110000000
00011011100000000011111111111111111110001110000000
00000011000000000001111111111111111111011110000000
00000000000000000000111111111111111111111100000000
00000000000000000000011111111111111111111100000000
00000000000000000000001111111111111111111100000000
00000000000000000000000111111111111111111100000000
00000000000000000000000011111111111111111110000000
00000000000000000000000001111111111111111111111100
00000000000000000000000001111111111111111111111100
00000000000000000000000000111111111111111111111100
00000000000000000000000000111111111111111111111100
00000000000000000000000000011111111111111111111100
00000000000000000000000000011111111111111111111100
00000000000000000000000000000111111111111111111100
00000000000000000000000000000111111111111111111100
00000000000000000000000000000111111111111111111100
00000000000000000000000000000000000000000000000000
00000000000000000000000000000000000000000000000000
