0000000000000000000000000000000000000000000000000000000000000000000000000000000000000000000000000000000000000000
0000000000000000000000000000000000000000000000000000000000000000000000000000000000000000000000000000000000000000
0000000000000000000000000000000000000000000000000000000000000000000000000000000000000000000000000000000000000000
0000000000000000000000000000000000000000000000000000000000000000000000000000000000000000000000000000000000000000
0011111111111111110011111111111111011100000000000000000000000000000000000000000000000000000000000000000000000000
0011111111111111110011111111111111011100000000000000000000000000000000000000000000000000000000000000000000000000
0011111111111111110011111111111111111111100000000000000000000000000000000000000000000000000000000000000000000000
0011111111111111111111111111111111111111100000000000000000000000000000000000000000000000000000000000000000000000
0011111111111111111111111111111111111111100000000000000000000000000000000000000000000000111110000000000000000000
0011111111111111111111111111111111111111100000000000000000000000000000000000000000000000111110000000000000000000
0011111111111111111111111110111111111111100000000000000000000000000000000000000000000000111111110000000000000000
0011111111111111111111111110111111111111100000000000000000000000000000000000000000000000111111110001111100000000
0011111111111111111111111111111111111111100000000000000000000000000000000000000000000001111111110001111100000000
0011111111111111111111111111111111111111100000000000000000000000000000000000000000000001111111110001111100111100
0011111111111111111111111111111111111111111000000000011110000000000000000000000000001111111111111101111100111100
0011111111111111111111111111111111111111111000000000011110000000000000000000011111111111111111111111111111111100
0011111111111111111111111111111111111111111000000000111110000000000000000000011111111111111111111111101111111100
0011111111111111111111111111111111111111111000011100111110000000000000000000011111111111111111111111111111111100
0011111111111111111111111111111111111111111100011100111110000000000000000000011111111111111111111111111111111100
0011111111111111111111111111111111111111111111111100111110000000000000000000011111111111111111111111111111111100
0011111111111111111111111111111111111111111111111111111111110011011101111110111111111111111111111111111111111100
0011111111111111111111111111111111111111111111111111111111110011011101111110111111111111111111111111111111111100
0011111111111111111111111111111111111111111111111111111111110111111101111111111111111111111111111111111111111100
0011111111111111111111111111111111111111111111111111111111110111111101111111111111111111111111111111111111111100
0011111111111111111111111111111111111111111111111111111111111111111111111111111111111111111111111111111111111100
0011111111111111111111111111111111111111111111111111111111111111111111111111111111111111111111111111111111111100
0011111111111111111111111111111111111111111111111111111111111111111111111111111111111111111111111111111111111100
0011111111111111111111111111111111111111111111111111111111111111111111111111111111111111111111111111111111111100
0011111111111111111111111111111111111111111111111111111111111111111111111111111111111111111111111111111111111100
0011111111111111111111111111111111111111111111111111111111111111111111111111111111111111111111111111111111111100
0011111111111111111111111111111111111111111111111111111111111111111111111111111111111111111111111111111111111100
0011111111111111111111111111111111111111111111111111111111111111111111111111111111111111111111111111111111111100
0011111111111111111111111111111111111111111111111111111111111111111111111111111111111111111111111111111111111100
0011111111111111111100111111111111111111111111111111111111111111111111111111111111111111111111111111111111111100
0011111111111111111100011111111111111111111111111111111111111111111111111111111111111111111111111111111111111100
0011111111111111111100011111111111111111111111111111111111111111111111111111111111111111111111111111111111111100
0011111111111111111100000001111111111111111111111111111111111111111111111111111111111111111111111100011111111100
0011111111111111111100000000000000111111111111111111111111111111111111111111111111111111111111111100011111111100
0000111111111111111100000000000000111111111111111111111111111111111111111111111111111111111111111100011111111100
0000111111111111111000000000000000011111111111111111111111111111111111111111111111111111111111111110011111111100
0000111111111111111000000000000000011111111111111111111111111111111111111111111111111111111111111111111111111100
0000111111111111111000000000000000001111111111111111111111111111111111111111111111111111111111111111111111111100
0000111111111111110000000000000000000011111111111111111111111111111111111111111111111111111111111111111111111100
0000111111111111100000000000000000000001111111111111111111111111111111111111111111111111111111111111111111111100
0000111111111110000000000000000000000000000111111111111111111111111110000001111111111111111111111111111111111100
0000111111111110000000000000000000000000000111111111111111111111111110000001111111111111111111111111111111111100
0000011111111100000000000000000000000000000001111111111111111111111110000001111111111111111111111111111111111100
0000011111111000000000000000000000000000000000111111111111111111111110000001111111111111111111111111111111111100
0000001111110000000000000000000000000000000000000111111111111111111110000001111111111111111111111111111111111100
0000000000000000000000000000000000000000000000000111111111111111111110000001111111111111111111111111111111111100
0000000000000000000000000000000000000000000000000011111111111111111000000001111111111111111111111111111111111100
0000000000000001111100000000000000000011110000000011111111111111110000000001111111111111111111111111111111111100
0000000000000001111100000000000000001111110001111011111111111111100000000011111101111111111111111111111111111100
0000000000000001111100000000000000011111110001111011111111111111100000000011111101111111111111111111111111111100
0000000000001111111100111111100001111111110001111011111111111111110000001111111101111111111111111111111111111100
0000000000001111111111111111100001111111111111111011111111111111110001111111111111111111111111111111111111111100
0000000000001111111111111111100001111111111111111001111111111111110011111111111111111111111111111111111111111100
0000000000001111111111111111100001111111111111111001111111111111111111111111111111111111111111111111111111111000
0011111111111111111111111111100001111111111111111000111111111111111111111111111111111111111111111111111111110000
0011111111111111111111111111100001111111111111111000111111111111111111111111111111111111111111111001110111000000
0011111111111111111111111111100001111111111111111000111111111111111111111111111111111111111111100000000000000000
0011111111111111111111111111100001111111111111111000111111111111111111111111111111111111111111100000000000000000
0011111111111111111111111111100001111111111111100000111111111111111111111111111111111111111110000000000000000000
0011111111111111111111111111100001111111111111100000111111111111111111111111111111111111111110000000000000000000
0011111111111111111111111111100111111111111110000000111111111111111111111111111111111110011100000000000000000000
0011111111111111111111111111100111111111111110000000111111111111111111111111111111111110011100000000000000000000
0011111111111111111111111111100111111111111100000000111111111111111111111111111111111110011000000000000000000000
0011111111111111111111111111111111111111111000000000111111111111111111111111111111111110000000000000000000000000
0011111111111111111111111111111111111111111000000000111111111111111111111111111111111110000000000011111000000000
0011111111111111111111111111111111111111111000000000111111111111111111111111111111111110000000000111111000000000
0011111111111111111111111111111111111111111000000000111111111111111111111111111111111100000000011111111000000000
0011111111111111111111111111111111111111111000000000111111111111111111111111111111111100000000011111111000000000
0011111111111111111111111111111111111111111100000001111111111111111111111111111111111100000000011111111000000000
0011111111111111111111111111111111111111111100000011111111111111111111111111111111110000000000011111111000000000
0011111111111111111111111111111111111111111110000011111111111111111111111111111111100000000000011111111000000000
0011111111111111111111111111111111111111111110000011111111111111111111111111111111000001000001111111111000000000
0011111111111111111111111111111111111111111110000011111111111111111111111111111110000011100011111111110000000000
0011111111111111111111111111111111111111111110000011111111111111111111111111111110001111111111111111110000000000
0011111111111111111111111111111111111001111111000011111111111111111111111111111100001111111111111111110000000000
0011111111111111111111111111111111110001111111000011111111111111111111111111110000001111111111111111110000000000
0011111111111111111111111111111111110001111111000011111111111111111111111111110000111111111111111111110000000000
0011111111111111111111111111111111100001111110011111111111111111111111111111110011111111111111111111110000000000
0011111111111111111111111111111111100001111100011111111111111111111111111111100111111111111111111111110000000000
0011111111111111111111111111111111100011111100011111111111111111111111111111000111111111111111111111110110000000
0011111111111111111111111111111111000011111000011111111111111111111111111110000111111111111111111111111111000000
0011111111111111111111111111111111000111111000011111111111111111111111111100000111111111111111111111111111100000
0011111111111111111111111110000110000111110000011111111111111111111111111100000111111111111111111111111111100000
0011111111111111111111111110000110000111110000011111111111111111111111111000000111111111111111111111111111110000
0011111111111111111111111110000000001111110000011111111111111111111111110001111111111111111111111111111111110000
0011111111111111111111111110000000001111000000011111111111111111111111100001111111111111111111111111111111100000
0011111111111111111111111110000000011111000000011111111111111111111111000011111111111111111111111111111111100000
0011111111111111111111111110000000011111000000111111111111111111111110000111111111111111111111111111111111000000
0011111111111111111111111110000000011111000000111111111111111111111100001111111111111111111111111111111111000000
0011111111111111111111111100000000111111000000111111111111111111111100011111111111111111111111111111111111000000
0000111111111111111111111100000000111111000000111111111111111111100000111111111111111111111111111111111111110000
0000111111111111111110011100000000111110000000111111111111111111100001111111111111111111111111111111111111110000
0000111111111100000000000000000000111100000000111111111111111111100001111111111111111111111111111111111111111000
0000111111111100000000000000000001111000000000111111111111111111101111111111111111111111111111111111111111111000
0000001111111100000000000000000001111000000000111111111111111111001111111111111111111111111111111111111111111100
0000001111111100000000000000000001111000000000111111111111111110001111111111111111111111111111111111111111111100
0000000011111100000000000000000111111000000111111111111111111110001111111111111111111111111111111111111111111100
0000000011111100000000000000000111111000111111111111111111111110001111111111111111111111111111111111111111111100
0000000000000000000000000000000111111001111111111111111111111100001111111111111111111111111111111111111111111100
0000000000000000000000000000001111110011111111111111111111111100000111111111111111111111111111111111111111111100
0000000000000000000000000000011111111111111111111111111111111100000011111111111111111111001111111111110001111100
0000000000000000000000000000111111111111111111111111111111111100000011111111111111111110001111111111000001111100
0000000000000000000000000000111111111111111111111111111111111100000011111111111111111110000111111111000001111100
0000000000000000000000000001111111111111111111111111111111111100000010011111111111111110000111111100000111111100
0000000000000000000000000001111111111111111111111111111111111100000000011111111111111110001111111100001111111100
0000000000000000000000000001111111111111111111111111111111111100000000011111111111111110001111111100001111111100
0000000000000000000000000001111111111111111111111111111111111100000000011111111111111110001111111100001111111100
0000000000000000000000000001111111111111111111111111111111111100000000011111111111111110001111111000001111111100
0000000000000000000000000001111111111111111111111111111111111110000000001111111111111110011111111000001111111100
0000000000000000000000000001111111111111111111111111111111111110000000000011111111111000011111111000001111111100
0000000000000000000000000111111111111111111111111111111111111110000000000001111111100000011111111000111111111100
0000000000000000000111111111111111111111111111111111111111111110000000000000111111000000011111111000111111111100
0000000000000000001111111111111111111111111111111111111111111110000000000000001111000000011111110000111111101100
0000000000000000001111111111111111111111111111111111111111111111100000000000000000000000011111110000111111111100
0000000000000000111111111111111111111111111111111111111111111111100000000000000000000000011111110000111111111100
0000000000000001111111111111111111111111111111111111111111111111100000000000000000000000011111110000011111111100
0000000000000001111111111111111111111111111111111111111111111111100000000000000000000000011111110000001111111100
0000000000000001111111111111111111111111111111111111111111111111100000000000000000000000011111110000000011111100
0000000000000011111111111111111111111111111111111111111111111111100000000000000000000000111111110000000001111100
0000000000000011111111111111111111111111111111111111111111111111111100000000000000000000111111110000000001111100
0000000000000011111111111111111111111011111111111111111111110111111100000000000000000000111111110000000000000000
0000000000000011111111111111111111110011111111111111111111100111111100000000000000000001111111111000000000000000
0000000000000011111111111111111111110011111111111111111111111111111100000000000000000001111111111000000000000000
0000000000000011111111111111111111110011111111111111111111111111111100000000000000000011111111111000000000000000
0000000000000011111111111111111111111111111111111111111111111111111101100000000000000111111111111100000000000000
0000000000011111111111111111111111111111111111111111111111111111111111100000000000001111111111111100000000000000
0000111111111111111111111111111111111111111111111111111111111111111111100000000000011111111111111110000000000000
0000111111111111111111111111111111111111111111111111111111111111111111111000000000111111111111111110000000000000
0000111111111111111111111111111111111111111111111111111111111111111111111000011111111111111111111111000000000000
0000111111111111111111111111111111111111111111111111111111111111111111111000011111111111111111111111000000000000
0000111111111111111111111111111111111111111111111111111111111111111111111000011111111111111111111111100000000000
0000111111111111111111111111111111111111111111111111111111111111111111111000011111111111111111111111100000000000
0000111111111111111111111111111111111111111111111111111111111111111111111110011111111111111111111111100000000000
0000111111111111111111111111111111111111111111111111111111111111111111111111111111111111111111111111100000000000
0000111111111111111111111111111111111111111111111111111111111111111111111111111111111111111111111111100000000000
0000111111111111111111111111111111111111111111111111111111111111111111111111111111111111111111111111111000000000
0000111111111111111111111111111111111111111111111111111111111111111111111111111111111111111111111111111110000000
0000111111111111111111111111111111111111111111111111111111111111111111111111111111111111111111111111111111110000
0011111111011111111111111111111111111111111111111111111111111111111111111111111111111111111111111111111111110000
0011111111111111111111111111111111111111111111111111111111111111111111111111111111111111111111111111111111111100
0011111111111111111111111111111111111111111111111111111111111111111111111111111111111111111111111111111111111100
0011111111111111111111111111111111111111111111111111111111111111111111111111111111111111111111111111111111111100
0011111111111111111111111111111111111111111111111111111111111111111111111111111111111111111111111111111111111100
0011111111111111111111111111111111111111111111111111111111111111111111111111111111111111111111111111111111111100
0011111111111111111111111111111111111111111111111111111111111111111111111111111111111111111111111111111111111100
0011111111111111111111111111111111111111111111111111111111111111111111111111111111111111111111111111111111111100
0011111111111111111111111111111111111111111111111111111111111111111111111111111111111111111111111111111111111100
0011111111111111111111111111111111111111111111111111111111111111111111111111111111111111111111111111111111111100
0011111111111111111111111111111111111111111111111111111111111111111111111111111111111111111111111111111111111100
0011111111111111111111101111111111111111111111111111111111111111111111111111111111111111111111111111111110111100
0011111111111111111111000011111111111111111111111111111111111111111111111111111111111111111111111111111111111100
0011111111111111111100000011111111111111111111111111111111111111111111111111111111111111111111111111111111111100
0011111111111111111000000001111111111111111111110001111111111111111111111111111111111111111111111111111111111100
0011111111111111111000000000111111111111111111100000111111111111111111111111111111111111111111111111111111111100
0001111111111111110000000000011111111111111100000000111111111111111111111111111111111111111111111111111111111100
0000111111111111100000000000000000000111111100000000001111111111111111111111111111111111111111111111111111111100
0000111111111111100000000000000000000111111100000000000001111111111111111111111111111111111111111111111100111100
0000011111111110000000000000000000000111111000000000000001111111111111111111111111111111111111111111111000111100
0000011111111100000000000000000000000011111000000000000001111111111111111111111111111111111111111111110000111100
0000000011111000000000000000000000000000000000000000000001111111111111111111111111111111111111111111110000111100
0000000000000000000000000000000000000000000000000000000000000000000000000000000000000000000000000000000000000000
0000000000000000000000000000000000000000000000000000000000000000000000000000000000000000000000000000000000000000
0000000000000000000000000000000000000000000000000000000000000000000000000000000000000000000000000000000000000000
0000000000000000000000000000000000000000000000000000000000000000000000000000000000000000000000000000000000000000
