000000000000000000000000000000000000000000000000000000000000000000000000000000000000000000000000000000000000000000000000000000000000000000000000000000
000000000000000000000000000000000000000000000000000000000000000000000000000000000000000000000000000000000000000000000000000000000000000000000000000000
000000000000000000000000000000000000000000000000000000000000000000000000000000000000000000000000000000000000000000000000000000000000000000000000000000
000000000000000000000000000000000000000000000000000000000000000000000000000000000000000000000000000000000000000000000000000000000000000000000000000000
001000000000000000000000000001111111110000000000000000000000000000000000000000000000000000000000000000000000000000000000000000000000000000000000000000
001000000000000000000000000001111111110000000000000000000000000000000000000000000000000000000000000000000000000000000000000000000000000000000000000000
001100000000000000000000000001111111110000000000000000000000000000000000000000000000000000000000000000000000000000000000000000000000000000000000000000
001111000000000000000000000001111111110000000000000000000000000000000000000000000000000000000000000000000000000000000000000000000000000000000000000000
002221000000000000000000000001111111100000000000000000000000000000000000000000000000000000000000000000000000000000000000000000000000000000000000000000
002222200000000000000000000001111111000000000000000000000000000000000000000000000000000000000000000000000000000000000000000000000000000000000000000000
001222111100000000000000000001111111000000000000000000000000000000000000000000000000000000000000000000000000000000000000000000000000000000000000000000
001221111110000000000000000001111111000000000000000000000000000000000000000000000000000000000000000000000000000000000000000000000000000000000000000000
001221111111000000000000000001111111000000000000000000000000000000000000000000000000000000000000000000000000000000000000000000000000000000000000000000
001211111111110000000000000001111111000000000000000000000000000000000000000000000000000000000000000000000000000000000000000000000000000000000000000000
001211111111111111000000000001111111000000000000000000000000000000000000000000000000000000000000000000000000000000000000000000000000000000000000000000
001011111111111111111122211111111111000000000000000000000000000000000000000000000000000000000000000000000000000000000000000000000000000000000000000000
001111111111111111111122211111111111000000000000000000000000000000000000000000000000000000001111111111111111110000000000000000000000000000000000000000
001111111111111111111122211222111111000000000000000000000000000000000000000000000000000000001111111111111111110000000000000000000000000000000000000000
001111111111111111111222222222111111000000000000000000000000000000000000000000000000000000001111111111111111110000000000000000000000000000000000000000
001111111111111111111222222222111111000000000000000000000000000000000000000000000000000000001111111111111111110000000000000000000000000000000000000000
002222111111111111111222022222111111000000000000000000000000000000000000000000000000000001111111111111111111111100000000000000000000000000000000000000
002222000111111111122200022222111111000000000000000000000000000000000000000000000000000001111111111111111111111100000000000000000000000000000000000000
002220000111222211122200022222111111000000000000000000000000000000000000000000000000000001111111111111111111111111000000000000000000000000000000000000
000000110011222211222222222222111111000000000000000000000000000000000000000000000000000001111111111111111111111111000000000000000000000000000000000000
000221111011222211222222222200111111000000000000000000000000111111110000000000000000111111111111111111111111111111000000000000000000000000000000000000
000211111000222211222220000000111111100000000000000000000000111111110000000000000000111111111111111111111111111111000000000000000000000000000000000000
001211111100002211222220000000111111110000000000000000000000111111111100000000000011111111111111111111111111111111000000000000000000000000000000000000
001011111111000000000000000011111111111000000000000000000000111111111100000000000011111111111111111111111111111111000000000000000000000000000000000000
001111111111120000000000000011111111111000000000000000000000111111111111111000000111111111111111111111111111111111000000000000000000000000000000000000
001111111111122110000000000011111111111000000000000000000000111111111111111000000111111111111111111111111111111111000000000000000000000000000000000000
001111111111122111100000000021111111111110000000000000000000111111111111111000000111111111111111111111111111111111000000000000000000000000000000000000
001111111111100111111000000011111111111110000000000000000000111111111111111000000111111111111111111111111111111111000000000000000000000000000000000000
001111111111100111111111100011111221111110000000000000000000111111111111111111111111111000000111111111111111111111000000000000000000000000000000000000
001111111111111111111111110001111222111110000000000000000000111111111111111111111111111000000111111111111111111111000000000000000000000000000000000000
001111111111111111111111110000002222111110000000000000000000111111111111111111111111111000000111111111111111111111000000000000000000000000000000000000
001111111111111111111111110011100222111110000000000000000000111111111111111111111111111000000111111111111111111111000000000000000000000000000000000000
001111111111111111111111110011100002111110000000000000000000111111111111111111111111111000000111111111111111111111000000000000000000000000000000000000
001111111111111111111111111111100000111110000000000000000000111111111111111111111111111000000111111111111111111111000000000000000000000000000000000000
001111111111111111111111111112200000011111111100001100000000111111111111111111111111111000000111111111111111111111000000000000000000000000000000000000
001111111111111111111111111112200000011111111100001100000000111111111111111111111111111000000111111111111111111111000000000000000000000000000000000000
001111111111111111111111111111200000001111111100001100000000111111111111111111111111111111111111111111111111111111000000000000000000000000000000000000
001111111111111111111111111111200000001111111100001100000000111111111111111111111111111111111111111111111111111111000000000000000000000000000000000000
002111111111111111111111111111000011101111111100001100000000111111111111111111111111111111111111111111111111111111000000000000000000000000000000000000
002111111111111111111111111111001122101111111100001100000000111111111111111111111111111111111111111111111111111111000000000000000000000000000000000000
002111111111111111111111111111111222101122111111111100000011111111001111111111111111111111111111111111111111111111000000000000000000000000000000000000
002111111111111111111111111111112222100222111111111100000011111111001111111111111111111111111111111111111111111111000000000000000000000000000000000000
002111111111112111111111111111111200110222111111111100000011111111000011111222211111111111111111111111111111111111000000000000000000000000000000000000
002111111111122111111111111111111101110222111111111100000011111111000001111222211111111111111111111111111111111111000000000000000000000000000000000000
002111111111222111111111111111111111110222111111111100000011111111000000011222211111122221111111111111111111111111000000000000000000000000000000000000
002111111112222111111111111111111111110222111111111100000011111111000000011222211111122221111111111111111111111111000000000000000000000000000000000000
000111111111220111111111111111111111100222111111111100000011111111111000011222211111122221111111111111111111111111000000000000000000000000000000000000
000111111111201111111111111111111111000222111111111100000011111111111000011222211111122221111111111111111111111111000000000000000000000000000000000000
000011111111101111111111111111111110000222211111111100000001111111111000011222211111122221111111111111111111222221000000000000000000000000000000000000
000111111111111111111111111111111100000222211111111100000001111111111000011222211111122221111111111211111111222221000000000000000000000000000000000000
000111111111111111111111111111111000000222211111111100000000111111111100011222211111122221111111111211111111222221000000000000000000000000000000000000
001111111111111111111111111111111000000222111111111100000000111111111100011222211111122221111111111211111111222221000000000000000000000000000000000000
001111111111111111111111111111110000000222111111111100000000001111111100001111111111122221111111111221111111222221000000000000000000000000000000000000
001111111111111111111111111111110000000222111111111111111000001111111100001111111111122221111111111221111111222221000000000000000000000000000000000000
001111111111111111111111111111110000000000111111111111111000000111111100000001111111122221122111111221111111222221000000000000000000000000000000000000
001111111111111111111111111111110000000000011111111111111000000111111100000001111111122221122111111211111111222221000000000000000000000000000000000000
001111111111111111111111111111111000000000011111111111111000000111111110000001111111122221122111111211111111222221000000000000000000000000000000000000
001111111111111111111111111111111000000000011111111111111000000111111110000001111111122221122111111211111111222221000000000000000000000000000000000000
001111111111111111122211111111111000000001111111111111111000000011111110000000001111100001122111111211111111222220000000000000110000000000000000000000
001111111111111111122211111111111000000001111111111111111000000000111110000000001111100001122111111211111111222220000000000000110000000000000000000000
001111111111111112222211111111111000000001111111111111111110000000111111000000000011100001122100000001111111200000000000000000111000000000000000000000
001111111111111112222211111111111001000001111111111111111110000000111111000000000011100001122100000001111111200000000000000000111000000000000000000000
001111111111111112222211100111111101000001111111111111111110000000111111000000000000000000000000000001111111200000000000000000111111000000000000000000
001111111111111112222211000111111101000001111111111111111110000000111111000000000000000000000000000001111111200000000000000000111111000000000000000000
001111111111111110000000000111111101000001111111111111111111110000001111100000000000000000000000000001111111200000000000000000111111111000000000000000
001111111111111110000000000111111101111111111111111111111111110000001111100000000000000000000000000001111111200000000000000000111111111000000000000000
001111111111111110000000001111111001111111111111111111111111111111111111111100000000000000000000000000000111200000001111111111111111111100000000000000
001111111111111110000000001111110001111111111111111111111111111111111111111100000000000000000000000000000111200000001111111111111111111100000000000000
001111111111111111111100011111100001011111111111111111111111111111111111111100000000000000000000000000000111200000001111111111111111111100000000000000
001111111111111001111100011111100001111111111111111111111111111111111111111100000000000000000000000000000111200000001111111111111111111100000000000000
001111111111100001111000011111000001111111111111111111111111111111111111111100000000000000000000000000000000000000001111111111111111000000000000000000
001111111112111001111000011111000001111111111111111111111111111111111111111100000000000000000000000000000000000000001111111111111111000000000000000000
001111111222111111100000111110000001111111111111111111111110000011122221111111110000000000000000000000000000000000011111111111111111000000000000000000
001111111222111111100000111100000001111111111111111111111110000000122221111111110000000000000000000000000000000000011111111111111111000000000000000000
001122212220011110000001111100000001111111111111111111111000000000122221111111111100000000000000000000000000000000011111111111111111000000000000000000
001122211100111100000001111100000011111111111111111111111000000000000001111111111100000000000000000000000000000000011111111111111111000000000000000000
001122211201111000000011111000000011111111111111111111100011110000000001111111111111000000000000000000000000000001111111111111111111000000000000000000
001122211211110000000011111000000011111111111111111111100011110000000000001111111111000000000000000000000000000001111111111111111111000000000000000000
002122212211110000000011111000000011111111111111111110002222220000110000001111111121111111111111111110000000000001111111111111111111111111111000000000
000122210011100000000111110000001111111111111111111110002222220000110000000001111122111111111111111110000000000001111111111111111111111111111000000000
001122111110000000000111110000001111111111111110111100112222220000110000000001111221111111111111111111000000000001111111111111111111111111111000000000
001122111100000000000111100000001111111111111110000100112222220000110001110000001221111111111111111111000000000001111111111111111111111111111000000000
001122111000000000001111100000001111111111111100001001112222222222110001110000000000111111111111111111111000000001111111111111111111111111110000000000
001120000000000000001111100000001111111111111110001001112222222222110001111110000000111111111111111111111000000001111111111111111111111111110000000000
000000000000000000001111100000001111111111111111110011112222222222111111111110000000000000011111111111111111111111111111111111111111111111110000000000
000000000000000000011111100110001111111111111111110011112222222222111111111111110000000000011111111111111111111111111111111111111111111111110000000000
000000000000000000111111000111111111111111111111000111112222222222111111111111111121000000011111111111111111111111111111111111111111111111110000000000
000000000000000000111111001111111111111111111111000111112222222222111111111111111001000000011111111111111111111111111111111111111111111111110000000000
000000000000000001111111011111111111111111111100011111112222222222111111111111111111000000001111111111111111111111111111111111111111111111110000000000
000000000000000011111111111111111111111111111100011111112222222222111111111111111111000000001111111111111111111111111111111111111111111111110000000000
000000000000001111111111111111111111111111110001111111112222222222111111111111111111000000001111111111111111111111111111111111111111111111110000000000
000000000000001111111111111111111111111111110001111111112222222222111111111111111111000000001111111111111111111111111111111111111111111111110000000000
000000000000001111111111111111111111111111000111111111112222222222111111111111111111000000000111111111111122221111111111111111122221111111110000000000
000000000000001111111111111111111111111111000111111111112222222222111111111111111111000000000111111111111122221111111111111111122221111111110000000000
000000000000001111111111111111111111111100011111111111112222112222111111111111111111000111100111111111111122221111111111111111122221111111110000000000
000000000000011111111111111111111111111100011111111111112222112222111111111111111111000111100111111111111122221111111111111111122221111111110000000000
000000000011111111111111111111111111110001111111111111112222112222111111111111111111111111100011111111111122221111111111111111122221111111110000000000
000000011111111111111111111111111111110001111111111111112222112222111111111111111111111111100011111111111122221111111111111111122221111111110000000000
000000111111111111111111111111111111000111111111111111112222112222111111111111111111111110000011111111111122221111111111110000022221111100000000000000
001111011111111111111112211111111111000111111111111111112222112222111111111111111111111110000011111111111122221111111111110000022221111100000000000000
001111111111111111111112221111111100002111111111111111112222111111111111111111111111111111100011111111000000001111111111110000000000000000000000000000
001111111111111111111222221111111100002111111111111111112222111111111111111111111111111111100011111111000000001111111111110000000000000000000000000000
001111111111111111111222221111111100002111111111111111112222111111111111111111111111111111100011111000000000001111111110000000000000000000000000000000
001111111111111111111222221111111100002111111111111111112222111111111111111111111111111111100011111000000000001111111110000000000000000000000000000000
001111111111111111111222221111111100002111111111111111112222111111111111111111111111111100000011000000111000001111111110000111100000000000000000000000
001111111111111111111222221111111100002111111111111111112222111111111111111111111111111100000011000000111000001111111110000111100000000000000000000000
001111111111111111111200021111111000002111111111111111111111111111111111111111111111111100000111000001111000000000000000000111100000000000000000000000
001111111111111111111000000111111000002111111111111111111111111111111111111111111111111000000111000001111000000000000000000111100000000000000000000000
001111111111111111111000000011111000002111111111111111111111111111111111111111111111111000000111000001111000000000000000011111100000000000000000000000
001111111111111111111111000111111000002111111111111111111111111111111111111111111111111000000110000001111000000000000000011111100000000111111111111100
001111111111111111111110000011111000000111111111111111111111111111111111111111111111111000001110000001111000000000000000011111100000000111111111111100
001111111111111111111111111011111000001111111111111111111111111111111111111111111111111000001100000001111000000000000000011111100000000111111111111100
000111112211111111111111111111111000001111111111111111111111111111111111111111111111111100001100000001111000000000000000011111110000000111111111111100
000111112211111111111111111111111000001111111111111111111111111111111111111111111111111100001100000001111000000000000000011111110000000111111111111100
000011112211111111111111111111111000000000111111111111111111111111111111111111111111111100011100000001111111111111111111111111111111111111111111111100
001001112211111121111111111111111000000000111111111111111111111111111111111111111111111100011100000001111111111111111111111111111111111111111111111100
001100000211111121111111111111111000000000111111111111111111111111111111111111111111111100111100000001111111111111111111111111111111111111111111111100
001110000011111121111111111111111000000000111111111111111111111111111111111111111111111100111100000001111111111111111111111111111111111111111111111100
001111110000111221111111111111111100000000111111111112211111111111111111111111000011111100111100000001111111111111111111111111101111111111111111111100
001111110110000121111111111111111100000000111111111112211111111111111111111111000011111100111100000001111111111111111111111110000111111111000111111100
001111111111110021111122211111111100000000111111111112211111111111111111111111000011111100111100000000011111111111111111111100000011111110000111111100
001111111111111000111122211111111100000000111111111112211111111111111111111111000011111100111100000000011111111111111111111100000011111100000111111100
001111111111111000000022211111111111000011111111111112211111111111111111111110001111110000111100000000011111111111111111111100000011111100000111111100
001111111111111001000022211111111111000011111111111112211111111111111111111110001111110000111100000000011111111111111111111000000011111100000111111100
001111111111111001110002211111111111000011111111111112211111111111111111111110001111100000011100000000011111111111111111100000000001110000000011111100
001111111111111111110000011111111111000011111110000002211111111111111111111110001111100000011100000000011111111111111111000000000000000000000000111100
001111111111111111120000001111111111100011111110000002211111111100001111111100011111100000011100000000000111111111111110000000000000000000000000011100
001111111111111111120000001111111111100011111110000000011111111100001111111000011111100000011100000000000011111111111110000000000000000000000000001000
001111111111111111120000001111111111100011111110000002211122222100001111110000011110000000111111000000000011111111111100000000000000000000000000001000
001111111111111111120000000111111111100011111110000000011122222100001111100000011110000000111111000000000011111111111000000000000000000000000000000000
001111111111111111120000110111111111100011111111100000011122222100001100000000111110000000111000000000000011111111111000000000000000000000000000000000
001111111111111111100111110111111111100011111111100000011122222100001100000000111110000000111000000000000011111111111000000000010000000000110000000000
001111111111111111100111110011111111100011111111100000011122222100001100000001111110000001111000000000000011111111111100000000010000000000110000000000
001111111111111111111111110011111111100011111111100000011122222100001000000001111110000001111000000000000011111111111110000000010000000002210000000000
001111111111111111111111110011111111100000111111111000011122222100001000000001111000000001110000000000000011111111111110000000010000000012210000000000
001111111111111111111110000011111111100000111111111000011122222100001000000001111000000001110000000000000011111111111110000000011000000222211000000000
001111111111111111111110000011111111100000111111111000000122222000000000000011110000000001110000000000111111111111111110000000011000000222111000000000
001111111111111111111111110011111111100000111111111000000122222000000000000011110000000001110000000000111111111111111110000000011100001222211100000000
001111111111111111111111110011111111100000111111111100000122022000000000000011110000000001100000000000111111111111111110111100011110011222211110000000
001111111111111111111111110011111111100000111111111100000120022000000000000011110000000001100000000000111111110011111111111111111111111112111110000000
000111111111111111111111000011111111110000000111111100000000000000000000001111100011111111100000111111111111100011111111011111111111110002111111000000
000111111111111111111110000011111111110000000111111100000000000000000000001111100011111111100000111111111111100011111111022111111111000000000111100000
000111111111111111111110000001111111110000000111111100000000000000000000001111100011111111100000111111111111000111111110022111111111011122000001100000
000111111111111111111100000001111111110000000111111100000000000000000000001111100011111111100000000011111111000111111100022111111110111122111100001100
000111112211111111111000000001111111111000000111111110000000000000000011111111111111111111100000000011111110000111111000022000111100111200111111111100
000111112211111111111000000001111111111000000001111110000000000000000011111111111111111111100000111111111110000111111000022100111100111001111111111100
000111112211111111111000000001111111111100000001111111000000000000000011111111111111111111100000001111111110001111110000022111111001111111111111111100
000011112211111111111000001111111111111100000000111111000000000000000011111111111111111111100000001111111110001111110000022111110011111111111111111100
000011112211112111111001100111111111111110000000111111000000000000000011111111111111111111100000000000000000011111100000022111100111111111111111111100
000001112211112111111111110111111111111110000000011111000000000000000011111111111111111111100000000000000000011111000000022111001111121111111111111100
000000112211112111111111110111111111111111100000011111100000000000000011111111111111111111110000000000000000011111000000000110011111221111111111111100
000000112211112111111100110111111111111111100000011111110000000000000011111111111111111111110000000000000000011111000000111110111112221111111111111100
000000012211122111111100010111111111111111100000011111110000000111111111111111111111111111110000000000000000111110000000111100111122221111111111111100
000000012211122111111111110111111111111111100000011111111000000111111111111111111111111111111100000000000000111110000001111101111110201111111111111100
000000000011112111111111110111111111111111112222211111111111111111111111111111111111111111111100000000000000111110000001111001111110011111111111111100
000000000011110111111111100111111111111111112222211111111111111111111111111111111111111111111100000000000000111110000011110011111111111111111111111100
000000000000110111111110000111111111111111112222211111111111111111111111111111111111111111111100000000000001111100000011000111111111111111111111111100
000000000000011111111100000011111111111111112222211111111111111111111111111111111111111111111100000000000001111000000110001111111111111111111111111100
000000000000000111111000000011111111111111112222211111111111111111111111111111111111111111111100000000000001110000001110101111111111111111111111111100
000000000000000111111000000011111111111111112222211111111111111111111111111111111111111111111100000000000001110000111000111111111111111111111111111100
000000000000000111110000000011111111111111110000000000000111111112222211111111111111111111111111110000000111111000110001111111111111111111111111111100
000000000000000011110000000011111111111111110000000000000111111112222211111111111111111111111111110000000111111001100111111111111111111111111111111100
000000000000000000000000000111111111111111000000000000000000000012222211111111111111111111111111111111111111111011101111111111111111111111111111111100
000000000000000000000000002111111111111111001111100000000000000012222211111111111111111111111111111111111111110011101111111111111111111111111111111100
000000000000000000000000002111111111111100001111111111111111110012222211111111111111111111111111111111111111100111001111111111111111111111111111111100
000000000000000000000000002111111111111100001111111111111111110012222211111111111111111111111111111111111111111111011111111111111111111111111111111100
000011000000000000000000002111111111111100001111111111111111110000000111111111111111111111111111111111111111111111001111111111111111111111111111111200
000011110000000000000000002111111111111100001111111111111110110000000000011111111111111111111111111111111111111111000111111111111111111111111111111200
001111110000000000000000101111111111111100001111111111111111111100000000011111111111111111111111111111111111111111000111111111111111111111111111111200
001111110000000000000001111111111111111100001111111111111111111100000000011111111111111111111111111111111111111111000111111111111111111111111111111200
001111100000000000000011111111111111111100011111111111111111111111110000000000000000111111111111111111111111111111000111111111111111111111111111111200
001111000000000000000011111111111111111100011111111111111111111111110000000000000000111111111111111111111111111111001111111111111111111111111111111200
001111000000001100000111111111111111111100011111111111111111111111111111100000000000001111111111111111111111111110011111111111111111111111111111111200
001111100001111111111111111111111111111100011111111111111111111111111111100000000000001111111111111111111111111100111111111111111111111111111111111200
001111111111111111111111111111111111111001111111111111111111111111111111111111100000000011111111111111111111111001111111111111111111111111111111122200
001111111111111111111111111111111111110011111111111111111111111111111111111111100000000001111111111111111111110011111111111111111111111111111111122200
001111111111111111111111111111111111100111111111111111111111111111111111111111100000000000000000111111111111110111111111111111111111111111111111112200
001111111111111111111111111111111111101111111111111111111111111111111111111111100000000000000000011111111111101111111111111111111111111111111111112200
001111111111111221111111111111111111011111111111111111111111111111111111111111100000111111111111011111111111101111111111111111111111111111111111110000
001111111111112221111111111111111111011111111111111111111111111111111111111111100000111111111111011111111111001111111111001100011111111111111111110000
001111111111120001111111111111111110011111111111111111111111111111111111111111111111111111111111001111111110011111111000011100011111111111111111110100
001111111111110001111111111111111100111111111110111111111111111111111111111111111111111111111111101111111100111111111000011111111111111111111111110100
001111111111111011111111111111111001111111110000111111111111111111111111111111111111111111111111101111111001111111110000111111111111111111111111111100
001111111111111110111111111111110011111111110000111111111111111111111111111111111111111111111111101111111011111111100000011111111111111111111111111100
001111111111111111111111111111100111111111100000111111111111111111111111111111111111111111112211100111111111111111000000001111111111111111111111111100
001111111111111111111111111111111111111111000000111111111111111111111111111111111111111111112211110111111111111111000000001111111111111111111111111100
001111111111111111111111111111111111111110000000011111111111111111111111111111111111111111222221110111111111111110000000000111111111111111111111111100
001111111111111111111111111111111111111100000000011111111111111111111111111111011111111111222221110111111111111100000000001111111111111111111111111100
001111111111111111111111111111111111111100000000001111111111111111111111111100001111111111222221110011111111111100000000001111111111112211111111111100
001111111111111111111111111111111111111000000000001111111111111111111111111110001111111111222221110011111111111100000000011111111111122211111111111100
001111111111111111111111111111111111111000000000111111111111111111111111111111111111111111222221110011111111110000000000111111111111222211111111111100
001111111111111111111111111111111111110000000001111111111111111111111111111111111111111111222221100011111111110000000011111111111111122011111111111100
001111111111111111111111111111111111100000000011111111111111000111111111111111111111111111000000000011111111110000000011111111111111110111111111111100
001111111111111111111111111111111111000000000011111111111111000111111111111111111111111111000000000011111111110000000000111111111111110111111111111100
001111111111111111111222111111111111000000000011111111111111001111111111111111111111111211000000000011111111100001111000011111111111111111111111111100
001111111100111111111222111111111111000000000011111111111111001111111111111111111111111211110000000011111111100111112000011111111111111111111111111100
001111111100001111122222111111111111000111000001111111111111111111111111111111111111112221110000000011111111001111222000011111111111111111111111111100
001111111000001111122222111111111110001111000000111111111111111111111111111111111111122221100000000011111111111111222000011111111111111111111111111100
001111111100001111122222111111111110111111000000111111111111111111111111111111111111122221100000000011111111111111122000011211111111111111111111111100
001111111111111111120000111111111111111111000000111111111111111111111111111111111111112221000000000011111111111111122000001211111111111111111111111100
001111111111111111120000111111111111111111000000111111111111111111111111111111111111112211000000000111111111111111122000002211111111111111111111111100
001111111111111111100000111111111111111111000000111111111111111111111111111111111111112211000000000111111111111111121000002221111111111111111111111100
001111111111111111100000011111111111111111000000111111111111111111111111111111111111112110000000001111111111111111101000002221111111111111111111111100
001111111111111111110000011111111111111111000000111111111111111111111111111111111111112110000000011111111111111111101000002211111111111111111111111100
001111111111111111110100001111111111111111000000111111111111111111111111111111111111110000000000011111111111111111111000012211111111111111111111111100
001111111111111111110111111111111111111111000000111111111111111111111111111111111111110000000000111111111111111111111100012211111111111111111111111100
001111111111111111111111111111111111111111110000111111111111111111111111111111111111110000000001111111111111111111111100012211111111111111111110111100
002211111111111111111111111111111111111111110000111111111111111111111111111111111111000000000011111111111111111111111100010011111111111111111100011100
002211111111111111111111111111111111111111110000000111111111111111111111111111111111000000000011111111111111111111111110000011111111111111111101111100
002211111111111111111111111111111111111111110000000111111111111111111111111111111111000000000111111111111111111111111110000111111111111111111111111100
002211111111111111111111111111111111111111111000000111111111111111111111111111111110000000000111111111111111111111111110000111111111111111111111111100
002211111111111111111111111111111111111111111000000111111111111111111111111111111100000000000111111111111111111111111110001111111111111111111111111100
000011111111111111111111111111111111111111111000000111111111111111111111111111111100000000000111111111111111111111111110000011111111111111111111111100
000011111111111111111111111111111111111111111000000111111111111111111111111111111100000000000111111111111111111111111110000011111111111111111111111100
000011111111111111111111111111111111111111111000000111111111111111111111111111111000000000000111111111111111111111111110000001111111111111111111111100
000011111111111111111111110011111111111111111000000111111111111111111111111111111000000000000111111111111111111111111110000000011111111111111111111100
000000000000000000000000000000000000000000000000000000000000000000000000000000000000000000000000000000000000000000000000000000000000000000000000000000
000000000000000000000000000000000000000000000000000000000000000000000000000000000000000000000000000000000000000000000000000000000000000000000000000000
000000000000000000000000000000000000000000000000000000000000000000000000000000000000000000000000000000000000000000000000000000000000000000000000000000
000000000000000000000000000000000000000000000000000000000000000000000000000000000000000000000000000000000000000000000000000000000000000000000000000000
000000000000000000000000000000000000000000000000000000000000000000000000000000000000000000000000000000000000000000000000000000000000000000000000000000
