00000000000000000000000000000000000000000000000000
00000000000000000000000000000000000000000000000000
00000000000000000000000000000000000000000000000000
00000000000000000000000000000000000000000000000000
00000000000000000000000000000000000000000000000000
00000000000000000000000000000000000000000000000000
00000000000000000000000000000000000000000000000000
00000000000000000000000000000000000000000000000000
00000000000000000000000000000000000000000000000000
00000000000000000000000000000000000000000000000000
00000000000000000000000000000000000000000000000000
00000000000000000000000000000000000000000000000000
00000000000000000000000111000000000000000000000000
00000000000000000000000111100000000000000000000000
00000000000000000000000111111000000000000000000000
00000000000000000000000111111110000000000000000000
00000000000000000000000111111110000000000000000000
00000000000000000000000111111110000000000000000000
00000000000000000000000111111110000000000000000000
00000000000000000000000111111111100000000000000000
00000000000000000000000111111111111100000000000000
00000000000000000000000111111111111110000000000000
00000000000000000000011111111111111110000000000000
00000000000000000000011111111111111110000000000000
00000000000000000001011111111111111110100000000000
00000000000000000011111111111111111111100000000000
00000000000001001111111111111111111111101100000000
00000000000001111111111111111111111111111110000000
00000000000001111111111111111111111111111111100000
00000000000001111111111111111111111111111111100000
00000000001111111111111111111111111111111111100000
00000000001111111111111111111111111111111111100000
00000000001111111111111111111111111111111111100000
00000000000011111111111111111111111111111110100000
00000000000000111111111111111111111111111111100000
00000000000000111111111111111111111111111111100000
01000000000000111111111111111111111111111000100000
01100000000000111111111111111111111111111111100000
01110000000000111111111111111111111111111100100000
01111000000000011111111111111111111111111011100000
01111100000000011111111111111111111111100111100000
01111110000000011111111111111111111111111111000000
01111111000000011111111111111111110011111100000000
01111111100000011111111111111111111111111000000000
01111101110000001111111111111111100111110000000000
01111111111000001111111111111111111111100000000000
01111111111000001111111111111111111110000000000000
01111111111000001111100111101111111100000000000000
01111111110000111111000111111111111000000000000000
01111111110000111111000111111111111000000000000000
01111111100001111110000011111111110000000000000000
01111111111001111110000011100111110000000000000000
01111111111011110100000000000000000000000000000000
01111111111111101100000000000000000000000000000000
01111111111111011100000000000000000000000000000000
01111111111111011001100000000000000000000000000000
01111111111111111011110000000000000000000000000000
01111111111111110111111000000000000000000000000000
01111111111111111111111100000000000000000000000000
01111111111111111111111110000000000000000000000000
01111111111111111111110011000000000000000000000000
01111111111111111111111111100000000000000000000000
01111111111111111111111111110000000000000000000000
01111111111111111111111111111000000000000000000000
01111111111111111111111111111100000000000000000000
01111111111111111111111111111110000000000000000000
01111111111111111111111111111111000000000000000000
01111111111111111111111111111111100000000000000000
01111111111111111111111111111111110000000000000000
01111111111111111111111111111111111000000000000000
01111111111111111111111111111111111100000000000000
01111111111111111111111111111111111110000000000000
01111111111111111111111111111111111111000000000000
00000000000000000000000000000000000000000000000000
00000000000000000000000000000000000000000000000000
