0000000000000000000000000000000000000
0000000000000000000000000000000000000
0000000000000000000000000000000000000
0000111000000000010110111111000000000
0011111100000001111111111111110000000
0011111100000011111111110111111100000
0010111100000111111111110111111110000
0010111100000111111111111111111110000
0011111100000111111111111111111111000
0011111110001111111111100000011111100
0011111110001111111000000000001111100
0011111110001111000000000000001111100
0011111110001110000000000000001111100
0001111110001110000000000000001111110
0001111111111110000000000000001111110
0001111111111110000000000000001111110
0001111111111110000000000000011111110
0000111111111110000111111111111111110
0000011111111111111111111111111111110
0000001111111111111111111111111111110
0000000111111111011111111111111111110
0000000111111111011111000000111111110
0001000111111111111111000000001111110
0011000011111111111111000000000111110
0111100011100111111111000000000111110
0111100011100111111111000000000111110
0111110011100011111111110000000111110
0111111111100011110111111110000111110
0111111111100011100011111110000011110
0111111111100011000011111110000111110
0111111111000011100000111110000111110
0011111111000011100000001110000111110
0000011111000011100000001110000111110
0000011111000011100000001110000111110
0000011111000011100000001110000111110
0000011111000011100000001110000111110
0000011111000011100000001111000111110
0000011111000011111000001111000111110
0000011111000111111111111111000111110
0000011111000111111111111111011111110
0000011111000111111111111111111111110
0000111111000111111111111111101111110
0001111111000111111000010011101111110
0011111111000111111000000011111111110
0010011111000111111000000001111111110
0010011111000111111000000001111111110
0011111111000111110000000000111111110
0011111111000111110000000000111111110
0111111110000111110000000000111111100
0111111110000111111000000000111111100
0011111100000111111000000000111111000
0011111100000111111000000000011111000
0011111100000011111000000000011111000
0011111000000011110000000000001110000
0011110000000001110000000000000000000
0000000000000000000000000000000000000
