1111000000000000000111111000001111111
1111000000000000000111111000011111111
1111100000000000000111111100111111111
1111100000000000000111111111111110011
1111110000000000001111111111111100111
1111110000000000111111111111111001111
1111111000000001111111111111111111111
1111111100000111111111111111111111111
1111111100011111111111111111111111111
1001111110111111111111111111111111001
0000011111111111110011111111111110000
0000001111111111110001111111111111000
0000001111111111100000111001111111110
0000001111111111111100100001111111110
0000011111111111111111110001111111111
0000011111111111111111110011111111111
0001111111110011111111110011111111111
1111111111110011111111110011111111111
1111111111000111111111111111111111111
1111111111000111111111111111111111111
1110001111000011111111110010111111111
1110001111101111111111111111111111111
1111011111111111111111111111111111111
1111111111111111111111111111111111110
1111111111111111111111111111111111110
1111111111111111110011111111111111110
1111111111110011111011111111111111111
1111111111110000111001111111111100111
1111111111111111111100111111111100111
1100000111101111111100011111111001111
1000000111111111111000001111111011111
1100011111111111111110000111111111111
1110111111111111111110000011111111111
1111111110111111111101000011111111111
1111111111111111111111111111111111111
1111111111111111111111111111111111111
1111111111111111111111111111111111111
1111111111111111111111111111111111101
1111111111111111111111111111111100000
1111111111001111111111111111111100011
1111111000000111111111111111111100011
1111111110001111111111111111111000011
1011111111111111111111111111111000011
0000111111111111111111111111111010111
0000111111111111111111111111111011111
0000011111111111111111111111111111111
0000011111111111111111111111111111111
0000111111111111000000111111111111111
0111111111111111000000011111111111111
0111111111111110000000011111111111110
1111111111111111001111111111111111110
1111111111111111111111111111111111000
1111111111111111111111111111000111000
1111111111111111111111111111000111000
1111111101111111111111111111111111000
1111000001111111111111111111111111000
