0000000000000011100000000000001111111
0000000000000111000000000000001111111
0000000000001110000000000000001111111
0000000000001100000000000000001111111
0000000000111000000000000000001101111
0000000001111100000000000000001100011
0000000001111110000000000000011100001
0000000111111111000000000000011100001
1100001111111111100000000000011000000
1100001111111111110000000000111000000
1110000111111110111000000000111000000
1111000111111111111100000000110000000
1111000111111111111100000000110000000
1111111111111111111100000000110000000
1111111111111111111100001111100000000
1111111111111111111000011111100000000
1111111111111111110000111111100000000
1111111111111111100001111111100000000
1111111111111111100011111111000000000
1111111111111111110001111111000000000
1111111111111111111011111110000000000
1111111111111111111111111100000000000
1111111111111111110111101100000000000
1110111111111111111111111000001100000
1111111111111111111111110000011110000
1111111011111111111110110000111111000
1111111111101111111111111001111111100
1111111111001111111111111111111111110
1111111111001111111111111111111111111
1111111111001111111111111111111111111
1111111111001111111111111111111111111
1111111111111111111111111111111111111
1111111111111111111111111111111111110
1111111110111111111111111111111110010
1111111111111111101111111111111110000
1111111111111111100111011111111110000
1111111111111111000111011111111110000
1111111111111111000111111111111111000
1111111111111101100111111111111111000
0111110111111111111111111111111111000
1111100111110111111111111111111111000
1111101111111111111111111111111111100
1111111111111111111111111111111111110
1111111111111111111111111111111101111
1111111111111101111111111111111111111
0111111111111111111111111111111111111
1111111111111111111111111111111110011
1111111111111111111111111111111111110
1111111111111111111111111111111111110
1111111101111111111111111110111111110
1111111011111111111111111111111111111
1111111111111111111111111111111111111
1111111111111111111100111111111111111
1111111111111111111100011111111111111
1111111111111111101100010011111111111
1111111111111111000000000001111111110
