00000000000000000011111110111000000000000000000000
00000000000000000011111110111000000000000000000000
00000000000000000011111111111100000000111110000000
00000000111100000011111111111100000001111110000000
00000000111100000111101111101100000011111110000000
00010000101100000111111111111111000111111110000000
00010000111110000110111111111111000111111110000110
00010001111110000011111011011110001110111110000110
00010001111110000000111011011000001111111110000110
00011001111111000000011011010000001111111100000110
00011000011111110000001011000000001111111000000110
01111000001111111100000011000000001111110000100110
01111000001111111100000011000000111111110001111110
01111110000111101100000011000000111111100001111110
01111111000111111111001011000001110111100001111100
00111111001110111111001011000001111101110001111100
00111111011110111111001011111111111110111101111000
00111111111000111111111111111111111110011101111000
00101111110000011111111111111111111110000111111000
00100111100000001111111111111111111110000111111000
00000111100000001111111110111111111100001111110000
00000111100000001111111111111111011000001111110000
00000011100000011111111111110111111000011111100000
00000011100010011111111111110111111000011111100000
00000011111010011111111111100011111000011111100000
00000011111111001111111111100011110000011111100000
00000011111111000111111011000011110000011110000000
00000001111111000111111011000011100000011010000000
00000000111111100011111011000111000000011110000000
00000000111111100011111011000110000000111110000000
00000000111111100000000011000000001111111110000000
00000000111111100000000011000000001111111110000000
00000000111111100000000011000000011111111110000000
00000000111111100000011011000000011111111110000000
00000000111101100000111111111110011111111110000000
00000000111101110000110111111110011111111110000000
00000000111111111111111111101111111111111110000000
00000000011111111111111111111111111111111100000000
00000000011111101111111111111111111111111100000000
00000000011110100001111111111110000001111100000000
00000000011110000011111111101110000001111100000000
00000000011110000011110111101110000001111110000000
00000000011110000001111111111110000001111110000000
00000000111110000000000011010000000001111110000000
00000000111110000000000011000000000000111111000000
00000001111110000000000011000000000000111111000000
00000001111000000000000011000000000000011111000000
00000001111000000000000011011000000000001111000000
00000011111000000000000011011000000000000111000000
00000011111000000000000011011110000000000111000000
00011111111000000000111111111111110000000111000000
00111111111110000001111111111111110000000111100000
01111111101110000011111111111111110000000011111100
01111111100110000011111111111111110000000011111100
01111111100000011111111111111111110000000011111100
00111111100000111111111111111111110000000111111100
00111111110000111111111111101111111100000111111100
00110111110000111111111111101111111100001111111100
01111111111001111111111111100111111110011111111100
01111111101101111111111011000000111110111011111100
11111111100110111111100011000000110111110001111100
11111110100011111111100011000000111111100001110100
11111111000101111111100011000000011111000001111100
11111110000111111100100011000000001111000001111100
11111100001111111000000011000000001111110000111100
11111100001111110000000011000000000111111000111100
11111000011111110000000011000000000111111000011100
11111000011111000000001111000000000011111000011100
11000000011111000000001111111000000011111000011100
11000000011111000000101111111100000011111000011100
11000000011110000001111111111110000001110000001100
11000000011110000001111111111110000000110000001100
00000000011100000001111111111111000000111000000000
00000000010000000001111111111111000000011000000000
00000000010000000001111000000000000000011000000000
