0000000000000000000000000000000011111
0000000000000000000000000000000011111
0000000000000000000000000000000111111
0000000000000000000000000000100111111
0000000000000000000000000001101100111
0000000000000000000000000111111001111
0000000000000000000000001111111001001
0000000000000000000000111111111111001
0000000000000000000001111111111111011
0000000000000000000001111111111111110
0000000000000000000000111111111111111
0000000000000000000000011111111111111
0000000000000000000000111111111111111
0000000000000000000000111111111111111
0000000000000000000000111111111111110
0000000000000000000001111111111111100
0000000000000000000001111111001001000
0000000000000000000001111100000000000
0000000000000000000011111100000000000
0000000000000000000011111100000000000
0000000000000000000111111000000000000
0000000000000000000111111000000000000
0000000000000000001111110000000000000
0000000000000000001111110000000000000
0000000000000000001111100000000000000
0000000000000000011111100000000000000
0000000000000000011111100000000000000
0000000000000000111111000000000000000
0000000000000000111111000000000000000
0000000000000001111110000000000000000
0000000000000001111110000000000000000
0000000000000001111110000000000000000
0000000000000011111100000000000000000
0000000000000011111100000000000000000
0000000000000111111000000000000000000
0000000000000111111000000000000000000
0000000000000111110000000000000000000
0000000000001111110000000000000000000
0000000000001111100000000000000000000
0000000000011111100000000000000000000
0000000000011111100000000000000000000
0000000000011111100000000000000000000
0000000000111111000000000000000000000
0000000000111111000000000000000000000
0000000001111110000000000000000000000
0000000001111110000000000000000000000
0000000001111110000000000000000000000
0000000011111100000000000000000000000
0000000011111100000000000000000000000
0000000111111100000000000000000000000
0000000111111000000000000000000000000
0000011111111000000000000000000000000
0001111111110000000000000000000000000
0011111111110000000000000000000000000
0011111111100000000000000000000000000
0011111111100000000000000000000000000
