0000000000000000000000000000000000000
0000000000000000000000000000000000000
0000000000000000000000000000000000000
0000000000000000000000000000000000000
0000000000000000000000000000000000000
0000000000000000000000000000000000000
0000000000000000000000000000000000000
0000000000000000000000000000000000000
0000000000000000000000000000000000000
0000000001100000000000000000000000000
0000000011110000000000000000000000000
0000000011111000000000000000000000000
0000000001111100000000000000000000000
0000000101111100000000000000000000000
0000011111111100000000000000000000000
0000011111111100000000000000000000000
0001111111111100000000000000000000000
0001111111111100000000000000000000000
0111111111110000000000000000000000000
0111111111110000000000000000000000000
0111111111111100000000000000000000000
0111111111111100000000000000000000000
0111111111111100000000000000000000000
0111111111111110000000000000000000000
0111110111111111000000000000000000000
0011110111111111100000000000000000000
0000010011111111110000000000000000000
0000000000111111111000000000000000000
0000000000011111111100000000000000000
0000000000001111111110000000000000000
0000000000000111111111000000000000000
0000000000000011111111000000000000000
0000000000000001111111000000000000000
0000000000000000111111000000000000000
0000000000000000011111100000000000000
0000000000000000000011100000000000000
0000000000000000000001110000000000000
0000000000000000000001110011110000000
0000000000000000000000111011111110000
0000000000000000000000011011111110000
0000000000000000000000011111111110000
0000000000000000000000011111111111110
0000000000000000000001011111101111110
0000000000000000000001111111000111110
0000000000000000000000111110000111111
0000000000000000000000111110001111111
0000000000000000000000011111011111111
0000000000000000000000001111111111110
0000000000000000000000000011111111110
0000000000000000000000000001111111110
0000000000000000000000000000111111110
0000000000000000000000000000111110111
0000000000000000000000000000011100011
0000000000000000000000000000000000001
0000000000000000000000000000000000000
0000000000000000000000000000000000000
