0000000000000000000000000000000000000000000000000000000000000000000000000000000000000000000000000000000000000000
0000000000000000000000000000000000000000000000000000000000000000000000000000000000000000000000000000000000000000
0000000000000000000000000000000000000000000000000000000000000000000000000000000000000000000000000000000000000000
0000000000000000000000000000000000000000000000000000000000000000000000000000000000000000000000000000000000000000
0000000000000000000000000000000000000000000111111111111100000000000000000000000000000001111111110000000000000000
0000000000000000000000000000000000000000000111111111111110000000000000000000000000000001111111110000000000000000
0000000000000000000000000000000000000000000111111111111111000000000000000000000000000011111111110000000000000000
0000000000000000000000000000000000000000000111111111111111100000000000000000000000000011111111110000000000000000
0000000000000000000000000000000000000000000111111111111111111111100000000000000000000011111111111000000000000000
0000000000000000000000000000000000000000000111111111111111111111100000000000000000000001111111111111001100000000
0000000000000000000000000000000000000000000111111111111111111111100000000000000000000001111111111111001100000000
0000000000000000000000000000000000000000000111111111111111111111100000000000000000000011110011111111111100000000
0000000000000000000000000000000000000000000000000111111111111111100000000000000000000011110001111111111100000000
0000000000000000000000000000000000000000000000000111111111111111100000000000000000000011100001111111111100000000
0000000000000000000000000000000000000000000000000111111111111111110000000000000000000111100000111111111110000000
0000000000000000000000000000000000000000000000000111111111111111110000000000000000000111000000111111111110000000
0011000000000000000000000000000000000000000000000111111111111111110000000000000000001110000000111111111111000000
0011000000000000000000000000000000000000000000000111111111111111110000000000000000001110000001111111111111000000
0011111111110111111111100000000000000000000000000111111111111111111100000000000000011100000001111111111111100000
0011111111111111111111000000000000000000000000000011111111111111111100000000000000011000000001111111111111110000
0011111111111111111110000000000000000000000000000000111000111111111100000000000000110000000011111111111111111000
0011111111111110111100000000000000000000000000000000111000111111111100000000000000110000000011111111111111111000
0011111111111111111000000000000000000000000000000000011000111111111100000000000001110000000011111111111111111000
0011111111111111110000000000000000000000000000000000001000111111111100000000000011100000000001111111111111111000
0011111111111111100000000000000000000000000000000000000000111111111100000000000111100000000000111111111111111100
0011111111111111000000000000000000000000000000000000000000111111111100000000001111000000000000111111111111111100
0011111111111110000000000000000000000000000000000000000000111111111111100000001100000000000000000111111111111100
0011111111111110000000000000000000000000000000000000000000111111111111100000111100000000000000000011111111111100
0011111111111110000000000000000000000000000000000000000000011111111111100011111000000000000000000011111111111100
0011111111111110000000000000011100000000000000000000000000001111111111111111110000000000000000000001111111111100
0011111111111110000000000000011110000000000000000000000000000111111111111110000000000000000000000001111111111100
0011111111000110000000000000001111000000000000000000000000000011111111111100000000000000000000000001111111111100
0011111110000111111000000001100111100000000000000000000000000001111111110000000000000000000000000000111111111100
0011111100000111111000000011110011110000000000000000000000000000111111000000000000000000000000000000111111111100
0011111000000111111000000111110011111000000000000000000000000000011111000000000000000000000000000000111111111100
0001110000000111111000001111110111111100000000000000000000000000001111100000000000000000000000000000111111111100
0001100000000111111100111111100111111110000000000000000000000000000111100000000000000000000000000000111111111100
0001000000000111111111111111111111001110000000000000000000000000000111100000000000000000000000000000111111111100
0000000000000011111111111111111111000110000000000000000000000000000111111100111100000000000000000000111111111100
0000000000000011111111111111111110000010000000000000000000000000000111111101111100000000000000000000111111111100
0000000000000011111111111111111110000000000000000000000000000000001111111111111100000000000000000000111111111100
0000000000000011111111111111111100000000000001100000000000000000001111111111111100000000000000000000111111111100
0000000000000000111111111111111100100000000011100000000000000000011111111111111100000000000000000111111111111100
0000000000000000111111111111110001110000000111100000000000000000011111111111111100000000000000000111111111111100
0000000000000011111111111111110001111000000111100000000000000000011111111111111100000000000000000111111111111100
0000000000000011111111111111110011111100011111100000000000000000011111111111111100000000000011111111111111111100
0000000000000111111111100001111111111111111110000000000000000001111111111111111100000000000011111111111111111100
0000000000001111111111100001111111111111111100000000000000000001111111111111111100000000000011111111111111111100
0000000000011111111111100001111111111111111000000000000000000001111111111111111100000000000011111111111111111100
0000000000111111111111110011111111111111110000000000000000000001111111111111000000000000000011111111111111111100
0000000001111111111111111111111111111111100000000000000000000001111111111110000000000000000011111111111111111100
0000000001111111111111111111111111111111000000000000000000000001111111111000000000000000011111111111111111111100
0000000001111111111111111111111111111111000000000000000001111111111111111000000000000000011111111111111111111100
0000000000111111111111111111111110011111000000000000000001111111111111100000000000000000011111111111111111111000
0000000000011111111111111111111110001111000000000000000001111111111111100000001100000000011111111111111111111000
0000000000001111111111111111111100000111000000000000000001111111111111000000011110001111111111111111111111110000
0000000000000111111111111111111000100011000000000000000001111111111110000000011111111111111111111111111111110000
0000000000000111111111101111111000110001000000000000000011111111111110000011111111111111111111111111111111100000
0011111000000111111111000011111111110000000000000000000011111111111100000011111111111111111111111111111111000000
0011111000000101111111000001111111110000000000000000000011111111111000000111111111111111111111111111111111000000
0011111000001100011110000000111111110000000000000000111111111111110000000111111111111111111111111111111111000000
0011111000011100001110000000011111110000000000000000111111111111100000000111111111111111111111111111111111000000
0011111100111000000100000000001111111000000000000111111111111111000000000111111111111111111111111111111111111100
0011111111111000000000000000000111111000000000000111111111111111000000000111111111111111111111111111111111111100
0011111111110000000000000000000011111000000000000111111111111111000000000111111111111111111111111111111111111100
0011111111110000000000000000000011110000000000001111111111111111000000011111111111111111111111111111111111111100
0011111111111110000000000000000011100000000000001111111111111111000000011111111111111111111111111111111111111100
0011111111111110100000000000000011000000000000001111111111111111000000011111111111111111111111111111111111111100
0011111111111110110000000000000000000000000000011111111111111111000000011111111111111111111111111111111111111100
0011111111111110111000000000000000000000000000011111111111111111000000011111111111111111111111111111111111111100
0011111111111111111000000000000000000000111111111111111111111111000000011111111111111111111000111111111111111100
0011111111111111111000000000000000000000111111111111111111111110000000011111111111111111111000111111111111111100
0011111111111111111000000000000000000000111111111111111111111110000000011111111111111111111000111111111111111100
0011111111111111111000000000000000000001111111111111111111111110000000011111111111111111111000001111111111111100
0011111111111111111000000000000000000111111111111111111111111110000000011111111111111111111000001111111111111100
0011111111111111111000000000000000000111111111111111111111111110000000011111111111111111111111000111111111111100
0001111111111111111000000000000000000111111111111111110011111100000000111111111111111111111111000111111111111100
0001111111111111111000000000000000000111111111111111110001111100000000111111111111111111111111000111111111111100
0001111111111111111000000000000011000111111111111111000000000000000000111111111111111111111111110111111111111100
0001111111111111111111100000000011110111111111111000000000000000000111111111111111111111111111111111111111111100
0000111111111111111111100000000011111111111111110000000000000000000111111111111111111111111111111111111111111100
0000111111111111111111100011000011111111111111100000000000000000000111111111111111111111111111111111111111111100
0011111111111111111111110011000011111111111111000000000000000000000111111111111111111111111111111111111111111100
0011111111111111111111110011000011111111111111000000000001111111000111111111111111111111111111111111111111111100
0011111111111111111111111111111111111111111110000011111111111111000111111111111111111111111111111111111111111100
0011111111111111111111111111111111111111111100000011111111111111111111111111111111111111111111111111111111111100
0011111111111111111111111111111111111111111000000011111111111111111111111111111111111111111111111111111111111100
0011111111111111111111111111111111111111111000000011111111111111111111111111111111111111111111111111111111111100
0000111111111111111111111111111111111111110000000011111111111111111111111111111111111111111111111111111111111100
0000111111111111111111111111111111111111110000000011111111111111111111111111111111111111111111111111111111111100
0000011111111111111111111111111111111111110000000011111111111111111111111111111111111111111111111111111111111100
0000011111111111111111111111111111111111110000000011111111111111111111111111111111111111111111111111111111111100
0000011111111111111111111111111111111111110000000011111111111111111111111111111111111111111111111111111111111100
0000001111111111111111111111111111111111110000000000111111111111111111111111100111111111111111111111111111111100
0000000011111111111111111111111111111111000000000000000111111111111111111111000000111111111111111111111111110000
0000000011111111111111111111111111111111000000000000000111111111111111111110000000011111111111111111111111110000
0000001111111111111111111111111111111111000000000000000111111111111111111110000000011111111111111111111111100000
0011111111111111111111111111111111111111000000000000000111111111111111111110000000000111111111111111111111100000
0011111111111111111111111111111111111111000000000000000111111111111111100000000000000111111111111111111111000000
0011111111111111111111111111111111111110000000000000000111111111111111100000011111000001111111111111111111000000
0011111111111111111111111111111111111110000000000000000111111111111111110000011111000001111111111111111100000000
0011111111111111111111111111111111111110000000000000000111111111111111110000011111110000000011111111111100000000
0011111111111111111111111111111111111110000000000000000111111111111111110000011111110000000011111111111100000000
0011111111111111111111111111111111111110000000000000000111111111111111110001111111110000000011111111111100000000
0011111001111111111111111111111111111110000000000000000111111111111111110011111111110000000011111111111100000000
0011111111111111111111111111111111111110000000000000000111111111111111110011111111111110000011111111111100000000
0011111111111111111111111111111111111110000000000000000111111111111111111111111111111111110011111111111111111000
0011111111111111111111111111111111111110000000000000111111111111111111111111111111111111111111111111111111111000
0011111111111111111111111111111111111110000000000000111111111111111111111111111111111111111111111111111111111000
0011111111111111111111111111111111111110000000000000111111111111111111111111111111111111111111111111111111111000
0011111111111111111111111111111111111110000000000000111111111111111111111111111111111111111111111111111111111100
0011111111111111111111111111111111111110000000000000111111111111111111111111111111111111111111111111111111111100
0011111111111111111111111111111111100000000000000111111111111111111111111111111111111111111111111111111111111100
0011111111111111111111111111111111100000111000001111111111111111111111111111111111111111111111111111111111111100
0011111111111111111100111111111111100000111000001111111111111111111111111111111111111111111111111111111111111100
0011111111111111111100111111111111100000111111111111111111111111111111111111111111111111111111111111111111111100
0000011111111111111110111111111111100000111111111111111111111111111111111111111111111111111111111111111111111100
0000001111111111111110111111111111100000111111111111111111111111111111111111111111111111111111111111111111111100
0000001111111111111111111111111110000000111111111111111111111111111111111111111111111111111111111111111111111100
0000001111111111111111111111111110000000011111111111111111111111111111111111111111111111111111111111111111111100
0000001111111111111111111111111110000000011111111111111111111111111111111111111111111111111111111111111111111100
0001111111111111111111111111111110000000011111111111111111111111111111111111111111111111111111111111111111110000
0001111111111111111111111111111110000000001111111111111111111111111111111111111111111111111111111111111111110000
0001111111111111111111111111111100000000000011111111111111111111111111111111111111111111111111111111111111100000
0001111111111111111111111011111100000000000000111111111111111111111111111111111111111111111111100111111111100000
0001111111111111111111111111111100000000000000011111111111111111111111111111111111111111111111100111111111100000
0001111111111111111111111111111110000000000000000111111111111111111111111111111111110011111000000111110011100000
0001111111111111111111111111111110000000000000000111111111111111111111111111111111110011111000000111110011100000
0011111111111111111111111111111110000000000000000000011111111111111111111111111111110011111000000000000000000000
0011111111111111111111111111111100000000000000000000011111111111111111111111000000000000000000000000000000000000
0011111111111111111111111111111100000000000000000000011111111111111111111111000000000000000000000000000000000000
0011111111111111111111111111111100000000000000000000011111111111111111111111000000000000000000000000000000000000
0011111111111111111111111111111100000000000000000000001111111111111111111000000000000000000000000000000000000000
0011111111111111111111111111111000000000000000000000001111111111111111111000000000000000000000000000000000000000
0011111111111111111111111111111000000000000000000000001111111111111111110000000000000000000000000000000000000000
0011111111111111111111111111111000000000000000000000011110000000000000000000000000000000000000000000000000000000
0011111111111111111111111111110000000000000000000000011110000000000000000000000000000000000000000000000000000000
0011111111111111111111111111110000000000000000000000011100000000000000000000000000000000000000000000000000000000
0011111111111111111111111111110000000000000000000000011100000000000000000000000000000000000000000000000000000000
0011111111111111111111111111111000000000000000000000111100000000000000000000000000000000000000000000000000000000
0011111111111111111111111111111110000000000000000001111000000000000000000000000000000000000000000000000000000000
0011111111111111111111111111111110000000000000000001110000000000000000000000000000000000000000000000000000000000
0011111111111111111111111111111111000000000000000011100000000000000000000000000000000000000000000000000000000000
0011111111111001111111111111111111000000000000000011000000000000000000000000000000000000000000000000000000000000
0011111111111101111111111111111111100000000000000111000000000000000000000000000000000000000000000000000000000000
0000111111111111111111111111111111100000000000000110000000000000000000000000000000000000000000000000000000000000
0000011111111111111111111111111111100000000000001110000000000000000000000000000000000000000000000000000000000000
0000001111111111111111111111111111100000000000011110000000000000000000000000000000000000000000000000000000000000
0011111111111111111111111111111111100000000000111100000000000000000000000000000000000000000000000000000000000000
0011111111011111111111111111111111100000000001111000000000000000000000000000000000000000000000000000000000000000
0011111110111111111111111111111111100000000011100000000000000000000000000000000000000000000000000000000000000000
0011111111111111111111111111111111100000000111100000000000000000000000000000000000000000000000000000000000000000
0011111111111111111111111111111111111100011111000000000000000000000000000000000000000000000000000000000000000000
0011111111111111111111111111111111111111111110000000000000000000000000000000000000000000000000000000000000000000
0011111111111111111111111111111111111111111000000000000000000000000000000000000000000000000000000000000000000000
0011111111111111111111111111111111111111110000000000000000000000000000000000000000000000000000000000000000000000
0011111111111111111111111111111111111111000000000000000000000000000000000000000000000000000000000000000000000000
0011111111111111111111111111111111111000000000000000000000000000000000000000000000000000000000000000000000000000
0011111111111111111111111111111111111000000000000000000000000000000000000000000000000000000000000000000000000000
0011111111111111111111111111111111111110000000000000000000000000000000000000000000000000000000000000000000000000
0011111111111111111111111111111111111111111000000000000000000000000000000000000000000000000000000000000000000000
0011100110011111111111111111110111111111111110000000000000000000000000000000000000000000000000000000000000000000
0011100000011111111111111111110111111111111110000000000000000000000000000000000000000000000000000000000000000000
0011000000000000000000001111110111111111111110000000000000000000000000000000000000000000000000000000000000000000
0000000000000000000000000000000000000000000000000000000000000000000000000000000000000000000000000000000000000000
0000000000000000000000000000000000000000000000000000000000000000000000000000000000000000000000000000000000000000
0000000000000000000000000000000000000000000000000000000000000000000000000000000000000000000000000000000000000000
0000000000000000000000000000000000000000000000000000000000000000000000000000000000000000000000000000000000000000
