00000000000000000000111111111111111111111111111111
00000000000000000001111111111111111111111111111111
00000000000000000001111111111111111111111111111111
00000000000000000011111111111111110000001111111111
00000000000000000001111111111111100000011111111111
00000000000000000001111111111111110011111000111111
00000000000000000010111000010000111111111000111111
01000000000000000010000000000100011111110111111111
11111100000000000111111111100100111111111001111111
11101111100000000111111111111100011111110001111111
11011111110000000101111111111100011111110000001111
10111111110000000100111111111100111111111000011111
11110011110000000011111111111101110111011100111111
11100001111000000001111111111111100000001111111111
11100000011000000000111111111111100000000111111111
01110000011000000000011111111110000000000011111111
01110000111100000000001111111100000000000111111111
01111111111110000000000111111100000000000111111111
00111111111111000000000011111100111000000111111111
00011111111111000000000011111000111000001111111111
00011111111001000000000001111000111110001110001111
00110111111001000000000000110000111111001110000111
00111111111111000000000000110000111111001110000011
01111111111111000001100000110000111111111110000111
11111111111111000011100000110001111111111111011111
11111111111111000111100000100001111111111111111111
11111111111111001111111000000011111111111111111111
11110011111111101111111000000011111111111111111111
10110001111111111111111000000011111111111111111111
00110001110001111111111000000011111111111111111111
00110000000000111111111000000001111111111111111111
00110000000000011111111100000000001111111111111111
00110000000000011101111100000000000111111111111111
00110000000000011111111100000000000111111111111111
00110000000000111111111110000000000011111111111111
00110000000000111111111111000000000001111111111111
00110000000010111111111111000000000000110011111111
00110000000011111111111111100000000000010000011111
00110000000001111111111111100000000000000000001111
00110000000001111000111111110000000000000000000110
00110000000000111000011111110000000000000000000110
11111000000000011100001011110000000000000000000110
11111000100000011100001111111000000000000000000110
11111100110000001100000110111100000000000000000110
11111111111000001110000000011100001000000000000110
11111111111000001110000000011110011110000000000110
11111111111000000111000000001111111110010000000110
11111111111000000111000000000111111111111000000110
11111111111000000011000000000011111111111010000110
11111111111000000011100000000001111111111111100110
11111111111000000011110000000001111111111111100110
11111111111000000001110000000001111111111111001110
11111111110000000001110000000000111111111111001110
11111111110000100011100000000000111111111111111111
11111111110001100011100000000000111111111111111111
01111100000001111111000000000000011111111111111111
01100000000000111110000000000000001111111111111111
01100000000001111100000000000000001111111111111111
01100000000001110000000000000000001111111111111111
01100000000011100000000011111000001110001111111111
01100000000011100000001111111110001110000111111111
01100000000111000000001111111110001110000011111111
01100000000111000000011111111110011110000011111111
01100000001110000000011111111110011110001111001111
01100000011110000000111100111111111000111111001111
11110000111100000011111111111111111001111111101111
11111100111000000011111111111111110000111111111111
11111100110000000111111111111111110000111111111111
11111111100000000110111111111111100000111111111111
11111111100000001110111111111111100000111111111111
11111111101110001100011111111111100000111111111111
11111111111111111100011111111111000000111111111111
11100111111111111000011111111111100000111111111111
11111111111111111000011111111111100000111111111111
11111111111111110000011111111111110000111111111111
