0000000000000000000000000000000000000000000000000000000000000000000000000000000000000000000000000000000000000000
0000000000000000000000000000000000000000000000000000000000000000000000000000000000000000000000000000000000000000
0000000000000000000000000000000000011011111000000000001100001111110010111111111111110000110000000000000000000000
0000000000000000000000000000000000111011111000000001011110001111101010011111111110110001111000000000000000000000
0000000000000000000000000000000001111011111000000001111111111111111111011111111111111001111000000000000000000000
0000000000000000000000000000000011111001111000000001111111111101111111011111111111101001111000000000000000000000
0000000000000000000000000000000111111101111000000001111111111111111111001111111111011001111000000000000000000000
0000000000000000000000000000001111111111111000000011111111111111111111101111111111111000111100000000000000000000
0000000000000000000000000000011111111111111000000011111111111111111111101111111111111001111100000000000000000000
0000000000000000000000000000011111100011111000000000111111111111111111110111111111101001111100000000000000000000
0000000000000000000000000001011111110101111000000000111111111111111111110011111111111001111100000000000000000000
0000000000000000000000000011111111110111001000010000011111111111111111111011111111110001111100000000000000000000
0000000000000000000000000011111111110111111000110000101111111111111111111011111111110000111100000000000000000000
0000000000000000000000001111111111110111111000110000010111111111111111111001111111110011111100000000000000000000
0000000000000000000000011111111111100001111101110000011111111111111111111001111111100011111110000000000000000000
0000000000000000000000111111111111100001111101110000011011111111111111111001111111100011111110000000000000000000
0000000000000000000001111111111111100000111101110000001111111111111111110001111100000011111110000000000000000000
0000000000000000000001111111111111100000111011110000001111111111111111100001111100000011111110000000000000000000
0000000000000000000000111111111111110000111011110000000111111111111111100001111110000011111110000000000000000000
0000000000000000000000111111111111110000111010100000000010011111111111000001111100000011111110000000000000000000
0000000000000000000000111111111111110000110011110000000000000111111100000001111110000011111111000000000000000000
0000000000000000000111111111111111110111110111111000000000001111111000000001111111001011111111000000000000000000
0000000000000000001111111111111111100111100111111100000000001111100000000001111111001111111111000000000000000000
0010000000000000001111111111111111111111101111111110000000001111110000000001111111111111111111000000000000000000
0011000000000000011111111111111111111111011111111111000000011111110000000001111111111111111011000000000000000000
0111100000000000111111111111111111111100011111111111100000011111100000000001111111111111111111000000000000000000
0111100000001100111111111111100111011100111111111111100000011111100000000001111111111111111111000000000000000000
0111110000011100111111111110000111111101111111111111100000011111100000000111111111111111111111000000000000000000
0111111000111100111111111110001111111001111111111111100000111111000000000111111111111111111111000000000000000000
0011111101111111111111111111101111111011111111111111100000111111000000000111111111111111111110000000000000000000
0011111111111111111111111111111111111011111111111111100000111111000000110111111111111111111100000000000000000000
0001111111111111111111111111111111111011111111111111100001111111000000111111111111111111111000000000000000000000
0001111111111111111111111111111111110011111111111111110011111111100000111111111111111111111000000000000000000000
0001111111111111111100001111111111110011111111111111110011111111100000111111111111111111110000000000000000000000
0000011111111111111100111111111111100011111111111111110011111111100000111111111111111111110000000000000000000000
0000000111111111111101111111111111101111111111111111110111111111100000111111111111111111100000000000000000000000
0000000001111111111111111111111111001111111111111111110111111111110000011111111111111111110000000000000000000000
0000000000111111101111111111111111011111111111111111111111111111110000111111111111111111110000000000000000000010
0000000000111011111111111111111110011111111111111111111111111111111011111111111111111111110000000000000000001110
0000000000001111111111111111111110111111111111111111111111111111111111111111111111111111110000000000000000011110
0000000000001111111111111111111110111111111111111111111111111111111111111111111111111111111100000000000000011110
0000000000001001111101111111111110110101111111111111111111111111111111111111111111111111111110000000000001111110
0000000000001110111111111111111110011111111111111111111111111111111111111111111111111111111110010000000001111110
0000001100001111111111111111111110001011111111111111111111111111111111111111111111111111111111110000000001111110
0000001110000111111111111111111110000011111111111111111111111111111111111111011111111111111111111011000011111110
0000011110000111111111111111111110000111111111111111111111111111111111111111011111111111111111111011000011111110
0000011110000111111111111111111100000111111111111111111111111111111110111111001111111111111111111111010111111110
0000111110000011111111111111111100000010111111111111111111111111100000111111001111111111111111111111011111111110
0001111110000001111111111111111100000011111111111111111111111111000000111111101111111111111111111111111111111110
0001011110000001111111111111111100000001111111111111111111111111000000111111100111111111111111111111111111111110
0001111110000000111011111111111100000000001111111111111111111111000000111111000111111111111111111111111111111110
0001111111100000111001111111110000000000000011111111111111111111000000111111100000111111111111111111111111111110
0001111111110000010001111111100100000000000001101111111111011111100001111111100000000111111111111111111111111110
0000111110110000000000111111111110000000000000111111111111001111100001111111100000000011111111111111111111111110
0001111110110000000000111111111111000000000000111111111100000110000000111111100000000001111111111111111111111110
0001111111110000000000111111111111100000000000111111111000000000000000111111100000000001111111111111111111111100
0011111111110000000000111111111111110000000000011101111000000000000000111111100000000001111111111111111111111110
0011111111110000000000111111111111110000000000011000011000000000000000111111100000000000111111111111111111111100
0011111111110101000000111111111111111000000000001000001000000000000000111111110000000000111111111101111111111000
0011111111111111000000111111111111111100000000001000001000000000000000111111110000000000011111111111100011110000
0011111111111111001011111111111111111110000000000011001000000000000000011111110000000000011111111111000000000000
0011111111111111101011111111111111111111000000000001100000000000000000001111110000000000000011111101000000000000
0011111111110111111111111111111111111111110000000000000000000000000000011111110000000000000000000000000000000000
0011111111111111111111111111111111111111111100000000000000000000000000111111111000000000000000000000000000000000
0001111111111111111111111111111111111111111110000000000000000000000000011111111100000000000000000000000000000000
0000111111111111111111111111000111111111111110000000000000000000000000001111111100111100000000000000000000000000
0000111111111111111111111111111111111111111110000000000000000000000000000111111100111110000000000000000000000000
0011111111111111111111111100111111111111111100000000000000000000000000000111111100111111000000000000000000000000
0011111111011111111111111111111111111111111110000000000000000000000000101111111100111111100000000000000000000000
0011111111111111111111111111111111111111111110000000000000000000000000111111111110011111100000000000000000000000
0011111111111111111111111111111101011111111111000000000000000011100000111111111111011111100000000000000000000000
0011111111111111111111111111110100011111111111000000000000000011111000111111111111000011100000000000000000000010
0011111111111111111111111110000000010111111111110000000001000111111000111111111111010011111100000000000000001110
0011111111111111111111111110000000000011111111111100000001000111111000111111111111111111111110000000000001101110
0001111111111111111111111100000000000011111111111110000001101111111100111111111111111111111111110000000011111110
0000111111111111111111111100011110000011111111111110001111111111111111111111111111111111111111111100000111111110
0000011111111111111111111001111110001001111111111111111111111111111111111111111111111111111111111110111111111110
0011011111111111111111110011111111001101111111111111111111111111111111111111111111111111111111111110111111111110
0011111111111111111111110011111111001100111111111111111111111111111111111111111111111111111111111111111111111110
0001111111111111111111110011111111001100111111111111111111111111111111111111111111111111111111111111111111111110
0001111111111111111111100011111111111100111111111111111111111111111111111111111111111111111111111111111111111110
0001111110011111111111100011111110111100111011111111111111111111111111111111111111111111111111111111111111111110
0001111111111111111111100011111111111100110011111111111111111111111111111111111111111111111111111111111111111110
0001111111111111111111110001111111111100000001111111111111111111111111111111111111111111111111111111111111111110
0001111111111111111111110001111111111111000001111111111111111111111111111111111111111111111111111111111111111110
0001111111111111111111110001111111111111100001111111111111111111111111111111111001111111111111111111111111111110
0001111111111111111111110001111111111111110001111111111111111111111111111111110001111111111111111111111111111110
0001111111111111111111010000011100111111110001111111111111111111111111111111111111110111111111111111111111111110
0001111111111111111111110001111111111111110011111111111111111111111111111111111111100111111111111111111111111110
0001111111111111111111110011111111111111100011111111111111111111111111111111111111000011111111111111111111111110
0001111111111111111111110011111111111111101011111111111111111111011111111111111110110011111111111111111111111110
0000111111111111111111110011111111111111111011111111111111110011001001111111111110110011101101111111111111111110
0000111111111111111111110011111111111111111011111111111111000011010001111111111101111001000100111111111111111110
0000111111111111111111110011111111111111111111111111111110011111111001111111111101111000000000111111111111111110
0000111111111111111111110011111111111111111111111111111111011111111111111111111111111000000000111111111111111110
0000111111111111111111110001111111111111111111111111100011111111111111111111111111110000000000111111111111111110
0000111111111111111111110001111111111111110111111111101111111111111111111111111111111000000000111011111111111110
0000011111111111111111110001111111111111110111111110001111111111111111111111111111110110000000111011111111111110
0000011111111111111111110000111111111111110011111110001111111111111111111111111111101111000000110011111111111110
0000011111111111111111111000011111111111110111111100001111110111101111111111111101011111110000110001111111111110
0000001111111111111111111000001111111111111111111110011111111111101111111111111110111101111100010000111111011110
0000000111111111111111111000001111111111111111111111111111111111111111111111111101111101111111000000111111011100
0000000111111111111111111100000111111111111111111111111111111111111111111111111001111111101111100000000011011100
0000000011111111111111111100000001111111111111111111111111111111111111111111111011111111101111110000000000000000
0000000001111111111111111110000000001111111111111111111111111100111111111111111011111111111111111000000000000000
0000000000001111111111111110000000001111111111111111111111111100111111111111110011111111111011111100000000000000
0000000000000111111111111111000000000111111111111111111111111111111111111111110111111111111111111110000000000000
0000000000000111111111111111000000000011111111111111111111111111111111111111100111111111111111111110000000000000
0000000000000111111111111111000000000001111111111111111111111111111111111111101111111111111111111100000000000000
0000000000000011111111111111000000000000111111111111111111111111111111111111011111111111111111111100000000000000
0000000000000011111111111111000000000000111111111111111111111111111111111110011111111111111111111000000000000000
0000000000000011111111111111000000000001111111111111111111111111111111111110111111111111111111111000000000000000
0000000000000011111111111110000000000001111111111111111111111111111111111101111111111110111111110000000000000000
0000000000000011111111111100000000000001111111111111111111111111111111111101111111111110111111110000000000000000
0000000000000001111111111000000000000001111111111111111111111111111111111011111111111111111111110000000000000000
0000000000000000111111110000000000000001111111000111111111111111111111111011111111111111111111110000000000000010
0000000000000000011111110000000000000001111111001111111111111111111111111011111111111111111110000000000000001110
0000000000000000011111100000000000000001111111111111111111111111111111111011110111111111111100000000000000011110
0000000000000000011111110000000000000011111111111111111111111111111111111011111111111111111000110000000110111110
0000000000000000011111111000000000000011111111111111111011101111111111111001111111111111110001110000000111111110
0000000000000000011111111100000000000111111111111111110011111111111111111000101111111111110011110001100111111110
0000000000000100111111111110000010000111111111111111111111011111111111110000011111111111100111100001100111111110
0000000000000110111111111111000110001111111111111111111110011111111111110000000101111111111111000011000111111110
0000000000000111111111111111101111111111111111111111111110111111111111110000000011111111111110001111100011111010
0000000000000111111111111111111111111111111111111111111111111111111111110000000011111111111110011111100011111110
0000000000000111111111111111111110111111111111111111111111111111111111110000000001101111111111011111000001111110
0000000000001111111111111111111111111111111111111111111111111111111111110000000000000011111111111111000001111110
0000000000111111111111111111111111111111111111111111111111111111111111110000000000000011111111111110000001111110
0000000001111111111111111111111111111111111111111111111111111111111111110000000000000011111111111100000000111110
0000001111111111111111111111111111111111000111111111111111111111111111111100000000000011111111110000000000111110
0011110111111111111111111111111111111111101110001111111111111111111111111111000000000111111111100000000000011010
0011100011111111111111111111111111111111111100000111111111111111111111111111100000000111111111000000000000001100
0011000011101111111111011111111111111111111100000011111111111111111111111111100000001111111110000000000000000000
0011100111111111111110001111111101111111111100000011111111111111111111111111110000001111111000000000000000000000
0011111111111111111100000111111011111111111100000001111111111111111111111111111000011111110000000000000000000000
0001111111111111111000000010110011111111111100000001111111111111111111111111111110011111110000000000001000000000
0000111111111111111000000000100011111111111000000000111111111111111111111111111110011111100000000000001100000000
0000011111111111110000000000000011111111111000000000111111111111111111111111111110111111100000000000011100000000
0000001111111111100000000000011011111111111000000000011111111111111111111111111100111111000000000000011100000000
0000000111111111000000000000011011111111111000000000001111111111111111111111111000111111000000000000011111000000
0000000111111110000000000000011111111111110000000000000011111111111111111111111001111110000000000000011111000000
0000000111111100000000000000110111111111110000000000000001111111111111111111111001111110000000000000001111000000
0000000111111100000000000001111111111111110000000000000001111111111111111111010011111111000000000000001111111000
0000000011111110000000000011011111111111110000000000001111111111111111111111110011111111000000000001101111111110
0000111111111111000000000111111111111111110000000001111111111111111111111111100011111111000000000101111111111110
0000111111111111100000001101111111111111110000000001111111111111111111111111100111111111000000010101111100111110
0000111011111111110000011111111111111111110000000001111111111111111111111111100111111111000000011101111110111110
0000111101111111111100111111111111111111100000001111111111111111111111111111100011111111100000111111111111111110
0000111011111111111101111111111111111111100000001111111111111111111111111111000111111111100001111111111111111110
0000111111111111111111101111111111111111100000001111111111111110111111111111111111111111100001111111111111111110
0000111111111101111111111111111111111111100000001111111111111111111111111111111111111111100011111111111111111110
0000011111111011111111111111111111011110000001111111111111111111111111111111111111111111100011111111111111111110
0000010111111101111111111111111111111100000001111111111111111111111111111111111111111111110011111111111111111110
0000010111111111111111111111111111111100000001111111111111111111111111111111111111111111110011111111111111111110
0000011111111111111111111111111111111100000001111111111111111111111111111111111111111111110111111111111111111110
0000001111111111111111111111111111111000000011111111111111110111111111111111111111111111010111111111111111111110
0000000111111111111111111111111111111000000111111111111111111111111111111111111111111111110111111111111111111110
0000000011111111111111111111111111110000001111111111111111111111111111111111111111111111100111111011111111111110
0000000011111111101111111111111111110000001111111111111111111111111111111111111111111111111111110011111111111110
0000000011111111001111111111111111100000001111111111111111111111111111111111111111111111111111110011111111111110
0000000111111111101111111111111111100000001111111111111111111111111011111111111111111111111111110011111111111110
0000000111111111111111111111111101100000011111111111111111111111111111111111111111111111111111110001111111111110
0000000110111111111111111111111111100000010111111111111111111101111111111111111111110111111111100001111111111110
0000000111111111111111111111111111100000011111111111111111111111111111111111111111111111111111100000111111111110
0000000111111111111111111111111111000000011111111111111111111111111111111111111111111111111111000000111111111110
0000000011111111100111000111111111000000011111111111111111111111111111111111111111111111111110000000110111111110
0000000000000111111110000011111111000000011111111111111111111111111011111111111111111111111100000000010000111110
0000000000000000000000000000000000000000000000000000000000000000000000000000000000000000000000000000000000000000
