00000000000000000000000000000000000000000000000000
00000001111100000000000000000000000000000000000000
00000001111110000000000000000000000000000000000000
00000001111111000000000000000000000000100000000000
01000011111111000000000000000000000000100000000000
01100111111111000000000000000000000000100000000000
01111111111110000000011000000000001111111000000000
01111111111111000000111101000000001111111000000000
01111101111111100001111111000001101111110000000000
01111111111111100011111111000001111111110000000000
01111111111111100011111111000001111111000000010000
01111111111111110011111111000111111111000000110000
01111111000011110001111111000111111110000000110000
01010110000001111001011110000111111110000001110000
00010000000000111100111111000011111110000011110000
00010000000000111100111111100011111110000011100000
00010000000000011111111111100001111110000111000000
00010000000000001111101111100001111110000111000000
00010000000000001111101111100011111110001110000000
00010000000000001111111111100001111111011110000000
00010000000000001111111111000000111111111100000000
00010000000000001111111111100000111111111100000000
00010000000010111111111111110000111111111100000000
00110000000111111111111111111001111111111100000000
00110000000011000111111111111111111111111100000000
00111000000001000100011111111111111111111111001100
01111100000000000000000111111111111111011111111100
01111111110000000000000011111111111111011111111100
01111111111000000000000001111111111111111111110000
01111111111000000000000000111111111111111111110000
01111111111000000000000001111101111111111111110000
01111111110000000000000001111001111111111111111000
01111111111000000000000001111000111111111111111100
01111011111110000000000011111000001111111111111100
01111111111100000000000011111000000111111011111100
01111111111100000000000000111000000111111011111100
01111111111110000000000000111000000111111111111100
01111111111110000000000000111000011111111111111100
01111111111110000000000001110000111111111111111100
01111111111000000010000011110000111111111111111100
01111111110000000111000111000011111111111111111100
01111110000000000111111111000011111111111111111100
01011100000000000111111110000011111111101111111000
01011000000000000111111100000011111111001111110000
00000000000000000111110000000011111110000111100000
00000000000000000111000000000011111110000111100000
00000000000000000111000000000011111110000110000000
00000000000000000111000000000011100010000100000000
00000000000000001100000000000000000011001100000000
00000000101000001100000000000000000001001000000000
00000001111100011001111000000000000001111000000000
00000011111110011001111100000000000000110000000000
00000111111111111011111111000000000000110000000000
00001111111111110011111111111110000000110000000000
00001111111111111011111111111110000000110000000000
00000001111111111101011111111111100000110000000000
00000011111111110110011111111111100000110000000000
00000111100011110011011111111111100000110000000000
00000111100011110011100111111111111001111000000000
00001110000000110001110111111111111111111100000000
00001100000000111000110111111000011111111111000000
10011100000000011000110111111000001111111111100000
11111000000000011101110011111000001111111111111000
11111000000000011111100011111000001101111111111110
11111000000000001111001111111000001111111111111110
11111000000000001110011111111000000111111111100110
01111000000000001100011111100000000111110111000010
00011110000111111000011111100000000111110111000010
00001111100111111000011111110000000011111111100110
00001111111111100000011111110000000011111111111110
00000011111111000000001111100000000011111111111110
00000011111111000000000011000000000011111111000000
00000001111100000000000000000000000011111110000000
00000000011100000000000000000000000011111010000000
00000000000000000000000000000000000011111000000000
