00111111111111111111111111000111111111111111111111
00111111111111111111111111100111111111111111111111
11111111111111111111111100100111111111111111111111
11111111111111111111111100110111111111111111111111
11111111111111111111111000010111111111111111111111
11111111111111111111111000011111111111111111111111
00000000111111111111100000011111111111111111111111
00000000111111111000100000111111111111111111111111
00000000011111111000100000111111111111111111111111
00000000011111111000100000111111111111111111111111
00000000001111111000100000111111111111111111111111
00000000000111100000100000111111110000000111111111
00000000000011100000110000000000110000000111111111
00000000000011100001111000000000110000000111111111
00000000000011100011111000000000110000000111111111
00000000000011100111111000000000110000000111111111
00000000000111100111111000000000110000000111111001
00000000011111100011111000000000110000000111111001
00000000011111100011111000000000110000000111111001
00000001111111100000000000000000111111111111111111
00000001111111100000000000000001111111111111111111
00000011111111100000000000000001111100000000000000
00000111111111000000000000000001111100000000000000
11111111111100000000000000000001111100000000000000
11111111111100000000000000000001111100000000000000
11111111111000000000000000000011111100000000000000
11111111100000111110000000000011111000000000000000
11111110000000111111100000000011111000000000000000
11111110000000111111100000000011111000000000000000
11111011000010111111111110011011111100000000000000
11100011000011111111111111111011111110000000000000
11100001100011111111111111111011111111000000000001
00110001111111111111111111111011111111100000000001
00111111111111111111111111111111111111111100000011
00011111111111111111111111111111111111111111111011
00111110001111111111111111111111111111111111111111
01111110001111111111111111111100000111110000001111
01111110001111111111111111111100000000000000001111
01111100000111111110011111111000000000000000001011
00111100000011111000001111111000000000000000001011
00111100000000000000001111110000000000000000001111
00000110000000000000001100000000000000000000001111
00000110000000000000011100000000000000000000001111
00000011000000000000011100000000000000000000001111
00000011000000000000111000000000000000000000001110
00000001110000000000111000000000000000000000001110
00000011111111100000110000000000111000000000001110
00000111111111111001110000000011111111110011000010
00001111111111111001100000001111111111111111100010
00011111111111111001100000001111111111111111110010
00011111111111111111100000111111111111111111111110
00111111111111111111100000111111111111111111111110
11111111111111111111000000111111111111111111111110
11111111111111111111000000111111111111111111111111
11111111111111111111110001111111111111111111111111
11111111111111111111110001111111111111111111111111
11111111111111111111111111111111111111111111111111
11111111111111111111111111111111111111111100001111
11111111000011111110000000011111111111111100001111
11111111000011111110000000011111111111111100001111
11111111000011111110000000011111111111111100001110
11111000000000001111000000011111111111111100001110
00000000000000000111110000111111111111111111111110
00000000000000000111111000111111111111111111111111
00000000000000000111111100111111111111111111111111
00000000000000001111111111111111111111111111111111
00000000000000001111111111111111111111111111111111
00000000000000011111111111111111111111111111111111
00000000000001111111000000111111111111111111111111
00000000000011111111000000111111111111111111111111
00000000000111111111000000111111111111111111111111
00000000000111100000000000011111111111111111111111
00000000011111100000000000011111111111111111111111
00000000111111100000000000011111111111111111111111
00000011111111100000000000011111111111111111111111
