00000000000000000000000000000000000000000000000000
00000000011111111000000000000000000000000000011110
00000000011111111100000000000000000000000001111110
00000000011111111100000000000000000000011111111110
00000000011111111111000000000000000011111111111000
00000000011111111111100000000000000111111111100000
00000000000111111111110000000000001111111111000000
00000000000011111111110000000000011111111100000000
00000000000001111111110000000000011111110000000000
00000000000000111111110000000000011111100000000000
00000000000000011111111000000000011111000000000000
00000000000000001111111000000000011110000000000000
00000000000000000111111000000000011110000000000000
00000000000000000111111000000000111110000000000000
00000000000000000111111000000000111110000000000000
00000000000000000111111000000000111110000000000000
00000000000000000011111000000000111110000000000000
00000000000000000011111000000000111110000000000000
00000000000000000011111000000000111110000000000000
00000000000000000011111000000000111110000000000000
11000000000000000011111000000000111110000000000000
11100000000000000011111000000000111110000000000000
11110000000000000011111000000000111110000000000000
11110000000000000011111000000000111110000000000000
11111000000000000011111000000000111110000000000011
11111000000000000011111000000000111110000000000111
11111000000000000011111000000000111110000000001111
11111100000000000011111000000000111110000000001111
11111100000000000011111000000000111110000000011111
11111110000000000011111000000000111110000001111111
11111111000000000011111000000000111110000111111111
11111111100000000011111000000000111111000111111111
11111111110000000011111000000000111111111111111111
11111111111100000011111000000000111111111111111111
01111111111110000011111000000000111111111111111111
00111111111111000111111000000000111111111111111111
00011111111111111111111000000000111111111111111100
00001111111111111111111000000000111111111111111000
00000011111111111111111000000000111111111111000000
00000011111111111111111111001111111111111111000000
00000001111111111111111111001111111111111110000000
00000000111111111111111111111111111111111100000000
00000000000111111111111111111111111111111000000000
00000000000111111111111111111111111111110000000000
00000000000111111111111111111111111111100000000000
00000000000111111111111111111111111111000000000000
00000000000001111111111111111111111110000000000000
00000000000001111111111111111111111110000000000000
00000000000001111111111111111111111110000000000000
00000000000001111111110000011111111110000000000000
00000000000001111111100000001111111110000000000000
00000000000001111111100000001111111110000000000000
00000000000001111111100000000111111110000000000000
00000000000001111111100000000111111110000000000000
00000000000000111111100000000111111110000000000000
00000000000000111111100000000111111110000000000000
00000000000000111111100000000111111110000000000000
00000000000000111111100000000111111110000000000000
00000000000000111111110000001111111110000000000000
00000000000000111111110000001111111110000000000000
00000000000000111111111000011111111110000000000000
00000000000000111111111101111111111110000000000000
00000000000000111111111111111111111110000000000000
00000000000000111111111111111111111110000000000000
00000000000000111111111111111111111110000000000000
00000000000000111111111111111111111100000000000000
00000000000000001111111111111111100000000000000000
00000000000000001111111111111111100000000000000000
00000000000000000011111111111111100000000000000000
00000000000000000011111111111111100000000000000000
00000000000000000000000000000000000000000000000000
00000000000000000000000000000000000000000000000000
00000000000000000000000000000000000000000000000000
00000000000000000000000000000000000000000000000000
00000000000000000000000000000000000000000000000000
