011000000000000000000000000000000000000000000000000000000000000000000000000000000000000000111
011000000000000000000000000000000000000000000000000000000000000000000000000000000000000000111
111100000001000000000000000000000000000000000000000000000000000100000000000000000000000001111
111100000111111111000000000000000000000000000000000002110000011110000000001000000000000111111
211110000111111111100000000000000000000000000000000002211111111111111111011120000000001111111
221211111111111111110000000000000000000000000000000002111111111111111111111120000000011111111
022211111111111111110000000000000000000000000000000000211111111111111111111210000000021111111
022221111111111111111000000000000000000000000000000000211111111111111111111210000000021111111
022221111111111111111000000000001110000000000000000000011111111111111111111210000000021111111
022221111111111111111000000000001111000000000000000000012211111111111211111200000000011111111
002221111111111111111000000000001111000000000000000000002211111211111111111200000000001111111
002221111111111111111000000000000111000000000000000000000221111211111101111000000000001111111
002211111111111111111000000000000111000000000000000000000022110211111111111000000000000111111
001211111111111111111000000000000111000000000000000000000002101011111111110000000000000111121
000212111111111111111000000000000111000000000000000000000000000011111111210000000000000111122
000222111111111111110000000000000111000000000000000000000000000001111100000000000000000111222
000222211111111111110000000000000111000000000000000000000000000001111000000000000000000011222
000022111111111111110000000000000111000000000000000000000000000001111000000000000000000011222
000022111111111111110000000000000110000000000000000000000000000000111000000000000000000012222
000022111111111111110000000000002110000000000000000000000000000001111100000000000000000012220
000022111111111111110000000000002110000000000000000000000000000000111000000000000000000012200
000022111111111111110111100000222110000000000000000000000000000000111000000000000000111222200
000002210111100011111111110012222110000000000000000000000000000000111000000000000001112122100
000000100111100001111111111112222110000000000000000000000000000000111000000000000011122210000
000000001111100001111111111122222110000111100001000000000000000000111000000000000011210000000
000000000111100000111111111122222100000111100001110000000000000000111000000000000111200000000
000000000111100000000011111222200000000111100001111000000000000000111100000000001112100000000
000000000111110010000000012222000000000111100001111000000000000000111100000000001112000000000
000000000111110011000000000000000000000111100011111000000000000001111100000000101121000000000
000000000111110111100000000000000000000111100011111000000000000001111110000001111120000000000
000000001111111111100000000000000000000111100111111100000000000001111110000011111110000000000
000000001111111111100000000000000000000111100111111110000000000001111110000111111110000000000
000000001111111111110000000000000000000111111111111110000000000001111111001111111100000000000
000000001111111111110000000000000000000111111111111110000000000011111111011111111111000000000
000000001111111111110000000000000000000111111111111111000000000011111111111111111111100000000
000000001111111111110000000011100000000111111111111111000000000011111111111111111111100000000
001011011111111111111000000111100000100001111111111111100000000011111111111111111111100000000
111111111111111111111000000111111011110001111111111111100000001111111111111111111111110000000
111111111111111111111100000111111111111011111111111111100000111121111111111111111111110000000
111100111111112121111100000111111111111111101111100111000000111122211111111111111111110000000
111000011111122222111100000111111111111111000011000111000000111112211111111111111111100000000
110000011111222222111110000111111111111110000000000111000000121111211111111111111111100000000
100000001111222222211110000011111111111100000000000111000011121122111111111111111111100000000
000000001112222222111110000011111111111100000000000111000111121122221111111111111111100000000
000000001112222222211110000001111111111000000000000111001111121122211112111111111110000000000
000000001112222000111112000000111111110000000000000110011111101122211112111111112110000000000
000000011112220000211112000000011110000000000000000110011111000110211112111111122110000000000
000000011112220000211112000000000000000000000000000110111110000000001122111111222110000000000
000000011111220000011112000000000000000000000000001111211100000000000011111112222222000000000
000000011111110000011122000000000000000000000000001111211000000000000000001122222221210000000
000000111111120000011122200000000000000000000000011111210000000000000000000122222222211000000
000000011111120000011112200000000000000000000000111111200000000000000000000022222222211100000
000000111111111000011111120000000000000000000000111111100000000000000000000002222222211111000
000000111111111100001111120000000000000000000000111111100000000000000000000000022122211111100
000000111111111100001111122000000000000000000001111111101000000000000000000000002222221111000
000001111111111100001111122200000111000000000011111111111100000000000000000000000200211111000
000001111111111000001111112210001111100000000111111111111100000000000000000000000000011111000
000001111111122000001111111110001111110000011111111211111000000000000000000000000000011111100
000011111112120000001111111111111111111111112111111111111000000000000000000000000000001111100
000011111111220000001111111111111111111111111221111111111100000000000000000000000000001111100
000111111112220000001111111111111111111111112121111111111110000000000000000000000000002211110
000111111111210000001111111111111112211111112121111111111112000000000000000000000000002111110
000111111112210000001111111111111112211111111211111111111111200000000000000000000000022211110
001111122222100000001111111111111112221111111121111111111111210000000000000000000000022111110
000111112220000000111001111111111111222112112222111111111111122200000000000000000000000111110
000111111220000000122001111111211112222111222222111111111111122200200000000000000000000011110
000000111220000001122111111122211222201111220012111111111111122222200000000000000000000001110
000000111200000011222111111121211220000210000001111111111111112121110000000000000000000000110
000000011200000011222211111212221210000110000001111111111111111111110000000000000000000000110
000000011100000011222211111200000110000211000000111111111111111111111000000000000000000000010
000000011000000112222211111200000010000111000000111111111111111111111111000000000000000000000
000000011000000112222221112000000010000211112100111111111111111111111111000000000000000000000
000000011000000112222221112000000020002111112201111111111111111111111111100000000000000000000
000000011000000112222211111100000020012211111111111111111111111111111111100000000000000000000
000000011000000022222211111200000022212221111111111111111111111111111111110000000000000000000
000000001100000012222211111100000111122221211111111111111111111111111111111000000000000000000
000000001100000012222211111100000011122222221111111121111111111111111111111100000000000000000
000000001100000012222211111000000000112220122111111221111111111111111111111110000000000000000
000000001100000112222211100000000000000000221111121221111111111111111001111110000000000000000
000000000110000122222210000000000000000000122111121221111111111111100000111111000000000000000
000000000110000222222200000000000000000000021111122221111111111111000000111111000000000000000
000000000110000222222000000000000000000000001111122222110111111110000000111111000000000000000
000000000110000222220000000000000000000000000111101222200111111100000000121111000000000000000
000000000111001222110000000000000000000000000011000221000111111100000000211111000000000000000
000000000011111122100000000000000000000000000000000000000111111000000001211111000000000000000
000000000011111221100000000000000000000000000000000000000111111000000011211111000000000000000
000000000011111221000000000000000000000000000000000000000111111100000111211111000000000000000
000000000011111121000000000000000000000000000000000000000111111100001111111111000000000000000
000000000011111221000000000000000000000000000000000000000111111100011211112121000000000000000
000000000011111210000000000000000000000000000000000000000111111110111111222122000000000000000
000000000111111110000000000000000000000000000000000000001111111111111112221122000000000000000
000000001111111110000000000000000000000000000000000000001111111111111122222222000000000000000
000000011111111100000000000000000000000000000000000000011111111111112122222222000000000000000
000000011111111100000000000000000000000000000000000000011111111111111122222220000000000000000
000000121111111100000000000000000000000000000000000000001111111111111222222220000000000000000
000011122111111100000000000000000000000000000000000000001111111111111122222210000000000000000
000111222111111000000000000000000000000000000000000000001111111111111222222210000000000000000
001211222111111000000000000000000000000000000000000000000111111111111222222110000000000001000
001221222221111100000000000000000000000000000000000000001111111111112222222100000000000011000
001121222221111100000000000000000000000000000000000000011111111111111222221200000000011111000
011121222221111110000000000000000000000000000000000000001111111111111222222200000001111111101
011121221110011111100000000000000000000000000000000000001111111111121222222000000001111111111
111122200000011111110000000000000000000000000000000000000111111111122222222000000001111111111
111121000000011111110000000000000000000000000000000000000111111111120002222000000001111111111
111100000000011111110000000000000000000000000000000000001111111111100000200000000001111111111
111100000000000111110000000000000000000000000000000000001111111111100000000000100001111111111
111000000000000011110000000000000000000000000001000000011111111111200000000000111101111111111
000000000000000011111000000000000000000000000001100000011111111111200000000000111111111111111
000000000000000001111100000000000000000000000001111111111111111111100000000000111111111121111
000000000000000001111100000000000000000000000001111111111111111111210000000000111111111121111
000000000000000000111110000000000000000000000001111111111111111111110000000001111111111111211
000000000000000000011111100000000110000000000001111111111111111111100000000001111111112111111
000000000000000000011111111111111111000000000011111111111111111100000000001111111111111212211
000000000000000000001111111111111111000000000111111111111111111000000000011111111111111122211
000000000000000000000111111111111111000000111111111111111111110000000000111111111111121122211
000000000000000000000001112111111111111111111111111111111111100000000000111111111111111112121
000000000000000000000000001111111111111111111111111111111211000000000001111111111121112122222
000000000000000000000000000001111111111111111111111111111000000000000001111111111111212212212
000000000000000000000000000000011111111111111111111111110000000000001111111111111111112222222
000000000000000000000000000001111111111111111111111111110000000000011111111111111111222222221
000000000000000000000000000002211111111111211111111111100000000000111111111111111112112221222
000000000000000000000000000002121111111121221221111111000000000002122111111111111111122222222
000000000000000000000000000021121111122111111121111111000000000002222111111111111111122221222
000000000000000000000000000021111111111122111121111111000000000222222111111111111111122222222
000000000000000000000000000021111111111212112121211111000000022222222111111111111111112222222
000000000000000000000000000021111112212122111121111111000000111212111111111111111111112222220
000000000000000000000000000011111111212112122111111110000000121111111111111111111112222222200
000000000000000000000000000021111111112112122211112110000000211111111111111111111111222222200
000000000000000000000000000221111111112122221121121111110001111111111111111111111112122222000
000000000000000000000000000221111111222122122212111111111111111111111111111111111111222220000
000000000000000000000000000211111111112112121222111111111111111111111111111111111112212220000
000000000000000000000000000221111111111212222222112111111111111111111111111111111111112220000
000000000000000000000000002121111112212222122221121111111111111111111111111111111111112220000
000000111011111111111100021111111111112112222221212111111111111111111111111111111111211200000
000011111111111111111111111111111111112221122222212111111111111111111111111111111122221200000
000111111111111111111111111111111111121221222221111111111111111111111111111111111111122200000
001111111111111111111111111111111111112222122212211111111111111111111111111111111111112200000
011111111111111111111111111111111111111222112211222211111111111111111111111111111111112000000
011111111111111111111111112111111111122221222221211211111111111111111111111111111111122000000
111111111111111111111111111111111111122221222222122111111111111111111111111111111111222000000
