0000000000000000000000000000000000000000000000000000000000000000000000000000000000000000000000000000000000000000
0000000000000000000000000000000000000000000000000000000000000000000000000000000000000000000000000000000000000000
0000000000000000000000000000000000000000000000000000000000000000000000000000000000000000000000000000000000000000
0000000000000000000000000000000000000000000000000000000000000000000000000000000000000000000000000000000000000000
0000000000000000000000000000000000000000011111111111111100001100000000000000000000000000000000000000000000000000
0011000000000000000000000000000000000000011111111111111110001100000000000000000000000000000000000000000000000000
0011111222000000000000000000000000000000111111111111111110001100000000000000000000000000000000000000000000000000
0011111122000000000000000000111101100000111111111111111110011100000000000000000000000000000000000000000000000000
0011111122000000000000000022111101100001111111111111111111111112220022200000000000000000000000000000000000000000
0011111122000000000000000022111101111111111111111111111111111111120022200000000000000000000000000000000000000000
0011111112000000000000000022111111111111111111111111111111111111122222222000000000000000000000000000000000000000
0011111110000000000000000022111111111111111111111111122111111111112222222000000000000000000000000000000000000000
0011111110000000000000000021111111111111111111111111122111111111112222222000000000000000000000000000000000000000
0011111110000000000000000021111111111111111111111111100111111111112222222000000000000000000000000000000000000000
0011111110000000000000000021111111111111111111111111100111111111112221122000000000000000000000000000000000000000
0011111110000000000000000021111111111111111111111111111111111111111221122000000000000000000000000000000000000000
0011111110000000000000000021111111111111111111111111111111111111111201122000000000000000000000000000000000000000
0011111110000000000000000021111111111111111111111111111111111111112201122000000000000000000000000000000000000000
0011111110000000000000000011111111111111111111111111111111111111112001122200000000000000000000000000000000000000
0011111110000000000000000011111111111111111111111111111111111111111111122200000000000000000000000000000000000000
0011111110000000000000000111111111111111111111111111111111111111111111122200000000000000000000000000000000000000
0011111110000000000000000111111111111111111111111111111111111111111111122200000000000000000000000000000000000000
0011111110000000000000000111122111111111111111111111111111111111111111122200000000000000000000000000000000000000
0011111110000000000000000111122111111111111111111111111111111111111111122200000000000000000000000000000000000000
0011111110000000000000000011122121111111111111111111111111111111111111122200000000000000000000000000000000000000
0011111110000000000000000000001121111111111111111111111111111111111111122200000000000000000000000000000000000000
0011111110000000000000000000011221111111111111111111111111111111111111122200000000000000000000000000000000000000
0011111100000000000000000000112201111111111111111111111111111111111111122200000000000000000000000000000000000000
0011111100000000000000000001112201111111111111111111111111111111111111122200000000000000000000000000000000000000
0011111110000000000000000001122011111111111111111111111111111111111111111200000000000000000000000000000000000000
0011111110000000000000000011220111111111111111111111111111111111111111111200000000000000000000000000000000000000
0021111111100000000000000111201111111111111111111111111111111111111111111200000000000000000000000000000000000000
0021111111100000000000001112201111111111111111111111111111111111111111111200000000000000000000000000000000000000
0021111111100000000000011122001111111111111111111111111111111111111111111200000000000000000000000000000000000000
0021111111100000000000111220002211111100011111111111111111111111111111111200000000000000000000111000000000000000
0022111111100000000001112200002211111100011111111111111111111111111111111100000000000000000000111000000000000000
0022111111100000000011122000002211111111111111111111111111111111111111111111000000000000000000111110000000000000
0022111111100000000111220000002221111111111111111111111111111111111111111111111110011111001111111110000000000000
0021111111100000001112200000002221111111111111111111111111111111111111111111111111111111111111111110011000000000
0021111111100000011122000000000022111111111111111111111111111111111111111111111111111111111111111111111000000000
0021111111200000111220000000000000111111111111111111111111111111111111111111111111111111111111111111111000000000
0021111111200001112200000000000000111111111111111111111111111111111111111111111111111111111111111111111000110000
0011111111200111222000000000000000111111111111111111111112211111111111111111111111111111111111111111111111111100
0011111111001222220000000000000000111111221111111111111112221111111111111111111111111111111111111111111111111100
0011111111012222000000000000000000001112221111111111111112001111111111111111111111111111111111111111111111111100
0011111111112200000000000000000000001112221111111111111110001111111111111111111111111111111111111111122111111100
0011111111111000000000000000000000000000022211111111111110001111111111111111111111111111111111111111122111111100
0011111111111100000000000000000000000000022211111111111110001111111000111111111111111111111111111111122111111100
0011111111111100000000000000000000000000000211111111111111111111122000111111111111111111111111111111100111111100
0011111111111100000000000000000000000000000211111111111111111111122000111111111111111111111111111111111111111100
0011111111111111100000000000000000000000000111111111111111111111100000222111111111111111111111111111111111111100
0011111111111111100000000000000000000000000111111111111111111111100000222211111111111111111111111111111111111100
0021111111111111100000000000000000000000000001111111111111111111000000000011111111111111111111111111111111111100
0021111111111111100000000000000000000000000001111111111111111110000000000011111111111111111111111111111111111100
0022111111111111110000000000000000000000000001111111111111111110000000000011221111111111111111111111111111111100
0022211111111111110000000000000000000000000000011111111111111100000000000011222111111111111112111111111111111100
0022211111111111110000000000000000000000000000011111111211111100000000000000222111111111111122111111111111111200
0022211111111111111100000000000000000000000000011111112211111000000000000000002111111111111122111111221111111200
0022211111111111111100000000000000000000000000000011112011110000000000000000002111111111110000221111221111112200
0022211111111111111100000000000000000000000000000011110000000000000000000000001111111111110000221112001111122200
0022211111111111111111100000000000000000000000000000000000000000000000000000001111111111100000221111001111122200
0022211111111111111111111000000000000000000000000000000000000000000000000000001111111111100000221111101111122000
0022211111111111111111111000001111110000000000000000000000000000000000000000001111111111100000022211111111122000
0022111111111111111111111000001111111000000000000000000000000000000000000000011111111111100000022211111111122000
0000111111111111111111111000111111111110000000000000000000000000000000000000011111111111100000022211111111121000
0000111111111111111111111000111111111111100000000000000000000000000000000000011111111111100000000211111111111000
0000111111111111111111111100111111111111111000000000000000000000000000000000011111111110000000011111111111111000
0011111111111111111111111100111111111111111000000000000000000000000000000000011111111100000000011111111111111000
0011111111111111111111111100111111111111111000000000000000000000000000000000011111111100000000011111111111111000
0011111111111111111111111100011111111111111110000000000000000000000000000000011111111000000000011111111111111000
0011111111111111111111111100001111111111111110000000000000000000000000000000111111111000000000011111111111112000
0011111111111111111111111100000111111111111111100000000000000000000000000011111111111000000000011111111111122000
0011111111111111111111111100000111111111111111111100000000000000000000000011111111110000000000022111111111122000
0011111111111111111111111100000222111111111111111100000000000000000000000011111111110000000000022111111111112000
0011111111111111111111111200000222211111111111111211000000000000000000000011111111110000000000002111111111112000
0011111111111111111111111200000000211111111111111221100000000000000000000111111111110000000000002221111111112000
0011111111111111111111111200000000211111111111111221111111110000000000001111111111110000000000002221111111112200
0011111111111111111111111200000021111111111111111221111111110000000000001111111111110000000000002221111111111200
0011111111111111111111111200000021111111111111111001111111111111111100001111111111111000000000000002211111111100
0011111111111111111111111200000021111111111111111111111111111111111100001111111111111000000000000002211111111100
0011111111111111111111111000000022111111111111111111111111111111111100111111111111111000000000000002211111112200
0011111111111111111111111000000022111001111111111111111111111111111111111111111111111000000000000000001111122200
0011111111111111111111111000000002111001111111111111111111111111111111111111111111111000000000000000001111120000
0011111111111111111111111000000002111001111111111111111111111111111111111111111111111000000000000000001111100000
0021111111111111111111110000000002211111111111111111111111111111111111111111111111111100000000000000000000000000
0021111111111011111111110000000002211111111122111111111111111111111111111111111111111100000000000000000000000000
0021111111110000111111110000000002211111111122111111111111111111111111111111111111111100000000000000000000000000
0021111111100000111111110000000002211111111122111111111111111111111111111111111111111110000000000000000000000000
0022111111100000111111110000000002211111111000111111111111111111111111111111111111111110000000000000000000000000
0022221111100000111111110000000002211111111000111111111111111111111111111111111111111110000000000000000000000000
0022221111100000111111110000000002211111111100111111111111111111111111111111111111111110000000000000000000000000
0022222111100000111111110000000002221111111111111111111111111111111111111111111111111111100000000000000000000000
0022222111000000111111110000000001111111111111111111111111111111111111111111111111111111110111000000000000000000
0022222111100000111111111100000001111111111111111111111111111111111111111111111111111111110111000000000000000000
0022222111100000111111111100000001111111111111111111111111111111111111111111111111111111110111000000000000000000
0022222111100000111111111110000001111111111111111111111111111111111111111111111111111111110111111111110000000000
0022211111000000111111111110000001111111111111111111111111221111111111111111111111111111110111111111110000000000
0022211100000000111111111110000001111111111111111111111112222111211111111111111111111111111111111111111000000000
0020011000000000011111111110000011111111111111111111111112222211211111111111111111111111111111111111111001111100
0020000000000000011111111100000011111111111111111111112222222222211111111111111111111111111111111111111001111200
0000000000000000011111111100000111111111111111111111122222222222211111111111111111112222112111111111111001111200
0000000000000000011111111100000111111111111111111111122222222222211111111111111111112222112111111111211111112200
0000000000000000021111111111000111111111111111111111122222200222211111111111111111122222212111111112211111112200
0000000000000000021111111111000011111111111111111112222222200222211111111111111111122222212111111112221122122200
0000000000000000021111111111000011111111111111111122222222200022221111111111111111222222222111111111222222222200
0000000000000000011111111111000011111111111111111222222222200022221111111111111111222222222111112211222222222200
0000000000000000011111111111000111111111111111111222222222200002111111111111111111222222222222212212222222222200
0000000000000000011111111111000111111111111111111222222222200002111111111111111111222222222222212212222222222200
0000000000000000011111111111111111111111111111111222222222200022111111111111111111222002222200222222222222200000
0000000000000000011111111111111111111111111111111122222222200022111111111111111112222000000000022222222222200000
0000000000000000021111111111111111111111111111111122222222200022111111111111111122222000000000000222222000000000
0000000000000000021111111111111111111111111111111122220022200022111111111111111122222000000000000022222000000000
0000000000000000021111111111111111111111111111111112200022200022111111111111111222200000000000000000000000000000
0000000000000000011111111111111111111111111111111110000122200022111111111111111222200000000000000000000000000000
0000000000000000011111111111111111111111111111111111111222000022111111111111112222200000000000000000000000000000
0000000000222222001111111111111111111111111111111111111222000022111111111111112222200000000000000000000000000000
0000000000222222011111111111111111111111111111111111111222000022111111111111112222200000000000000000000000000000
0000000000222222111111111111111111111111111111111111111122000021111111111111112222200000000000000000000000000000
0000000000222222111111111111111111111111111111111111111122000021111111111111112222200000000000000000000000000000
0000000000022222111111111111111111111111111111111111111122000021111111111111111112200000000000000000000000000000
0000000000022221111111111111111111111111111111111111111122000021111111111111111112200000000000000000000000000000
0000000000022221111111111111111111111111111111111111111122000001111111111111111112200000000000000000000000000000
0000000000002221111111111111111111111111111111111111111122000001111111111111111100000000000000000000000000000000
0000000000002111111111111111111111111111111111111111111122000001111111111111111100000000000000000000000000000000
0000000000022111111111111111111111111111111111111111111111001111111111111111111100000000000000000000000000000000
0000000000022111110111111111111111111111111111111111111111001111111111111111111100000000000000000000000000000000
0000000000222211110111111111111111111111111111111111111111001111111111111111111111100000000000000000000000000000
0000000000222211110111111111111111111111111111111111111111111111111111111111111111111000011111111111111111000000
0000022222222211111111111111111111111111111111111111111111111111111111111111111111111100011111111111111111000000
0000022222222111111111111111111111111111111111111111111111111111111111111111111111111110011111111111111111000000
0000022122221111111111111111111111111111111111111111111111111111111111111111111111111111011111111111111111112200
0000022122211111111111111111111111111111111111111111111111111111111111111111111111111111111111111111111111112200
0000021112211111111111111111111111111121111111111111111111111111111111111111111111111111111111111111111111122200
0000021111011111111111111111111111111222111111111111111111111111111111111111111111111111111111111111111111122200
0000011111001111111111111111122111112202111111111111111111111111111111111111111111111111111111111111111111222200
0000011111011111111111111111122111112200111111111111111111111111111111111111111111111111111111111111111111222200
0000011111111111111111111111122111111000111111111111111111111111111111111111111111111111111111111111111112222200
0000011111111111111111111111100111111000111111111111111111111111111111111111111111111111111111111111111111222200
0002211111111111111111111111100111111000111111111111111111111111111111111111111111111111111111111111111111222200
0002211111111111111111111111111111111111111111111111111111111111111111111111111111111111111111111111111111122200
0002221111111111111111111111111111111111111111111111111111111111111111111111111111111111111111111111111111220000
0002221111111111111111111111111111111111111111111111111111111111111111111111111111111111111111111111111112220000
0002221111111111111111111111111111111111111111111111111111111111111122111111111111111111111111111111111122000000
0002211111111111111111111111111111111111111111111111111111111111111122211111111111111111111111111111111200000000
0000221111111111111111111111111111111111211111111111111111111111111100011111111111111111111111111111111000000000
0000221111111111111111111111111111111111221111111121111222111111111000011111111111111111111111111111111000000000
0000221111111111111111111111111111111111221111111221111222111111111000011111111111111111111111111111111000000000
0000221111111111111111111111111111111111222111111222111222111111111100011111111111111111111111111111111100000000
0000221111111111111111111111111111111111222211111122212222222111111111111111111111111111111111111111111110000000
0000221111111111111111111111111111111122222211111122222222222111111111111111111111111111111111111111111110000000
0000222111111111111111111111111111111122222211111222222222222111111111111111111111111111111111111111111112000000
0000222111111111111111111111111111111222222212221222222002222111111111111111111111111111111111111111111122000000
0000222222111111111111111111111111112222222222222200000000222221111111111111111111111111111111111111111122000000
0000222222211111111111111111111111112222222222222200000000022222111111111111111111111111111111111111111122000000
0000222222222111111111111111111111112222221222220000000000002222111111111111111111111111111111111111111122000000
0000222222222111111111111111100111112222221222220000000000002222221111111111111111111111111111111111111122000000
0000000222222111111111111111100111112222000220000000000000000222221111112211111111111111111111111111111112000000
0000000222221111111111111111111111112122000220000000000000000222221111112211111111111111122111111111111112000000
0000000222221111111111111111111111111122000000000000000000000222211111122221111111111111200211111111111112000000
0000000222221111111111111111111111111122000000000000000000000002211111222221111111111111000011111111111112000000
0000000002211111111111111111111111121100000000000000000000000002211111222221111111111122000002111111111112000000
0000000002111111111111111111111111121200000000000000000000000002211111222221111111111220000000211121111111000000
0000000002111111111111111111111122122200000000000000000000000002222222220221211111112200000000011222111221000000
0000000002121111111111111111111122122200000000000000000000000002222222000021221111122000000000022222111222000000
0000000000000000000000000000000000000000000000000000000000000000000000000000000000000000000000000000000000000000
0000000000000000000000000000000000000000000000000000000000000000000000000000000000000000000000000000000000000000
0000000000000000000000000000000000000000000000000000000000000000000000000000000000000000000000000000000000000000
0000000000000000000000000000000000000000000000000000000000000000000000000000000000000000000000000000000000000000
