0000000000000000000111100000000000000
0000000000000001111111100000000000000
0000000000000011111111111111000000000
0000000000001111111111111111000000000
0000000000001111111111111111000000000
0000000000001111111111111111000000000
0000000000001101111111111111111111000
0000000000011111111111111111111111000
0000000000001111110011111111111111110
0000000000001111110011111110000111110
0000111110000100011111111010001111100
0000111110000100011111100000001111100
0000111111001111111111000000001111100
0000111111001111111110000000011111100
0000100111111111111110000000011110000
0000100111111111111100000000001110000
0000000111111111111110000000000000000
0000001111111010111100000000000000000
0000001111111011111100000000000000000
0000000111110011100000000000000000000
0000000111110000000000000000000000000
0000000111100000000000000000000000000
0000010111100000000000000000000001110
0000010111001100000000000000000101111
0000111111011110000000000000001101111
0000111110011111000000000000001101111
0000111110011011111000000000001111111
0000111110001011111111110001001111111
0000111110000111111111111111111111110
0000111100000111111111111111111111111
0000011100000111111111111111111100111
0000001111000111011111111111100000111
0000011111000111011111111111000000111
0000111111000111111111111110000001111
0000111111000111111111111110000001111
0010111111000111111111111110000001110
0111111111000111111111111110000011110
1111111111110111001111111110000001100
1111111111111111111111111100000011100
0011111111111111111111111100000011100
0011110111111111111111111100000011100
0011110111111111111111111101110011000
0011110111111111111111001111111111000
0011111111111001111000001111111111000
1111111111110000111000001111111111100
1111111111110000000000001111011110100
1101111111111000000000001111011111100
1111111111101100000000001111011111000
0111111111111100000010111111111111000
0100111111111111100010111111000111000
0100111101111111111111111110000011000
0111111101111111111111111100000011111
0011101111111111111111111100000011111
0001101111111111111110111100000001111
0000011111111111111111110000000000111
0000000000000000000111110000000000111
