00000000000000000000000000000000000000000000000000000000
00000010000000000000000000000000000000000000000000000000
00000011000000000000000000000000000000000000000000000000
00000111100000000000000000000000000000000000000000000000
00000111110000000000000000000000000000000000000000000000
00000111111000000000000000000000000000000000000000000000
00111111111000000000000000000000000000000000000000000000
00111111111000000000000000000000000000000000000000000000
01111111111000000000000000000000000000000000000000000000
01111111111100000000000000000100000000000000000000000000
01111111111100000000000000001110000000000000000000000000
01111111111000000000000000011111000000000000000000000000
01111111110000000000000000111111100000000000000000000000
01111111110001000000000001111111110000000000000000000000
00111111110001100000000011111111111000000000111100000000
00111111111001110000000111111111111100000000111100000000
00111111111001111000001111111111111110001100111100000000
00111001111101111000011111111111111111001100111100000000
00110000111111111000111111111111111111111111111100000000
00100000011111111001111111111111111111111111111100000000
00000110011111111011111111111111111111111111111200000000
00000110001111111011111111111111111111111111111200000000
00001111111111111111111111111111111111111111111100000000
00001111111211111111111111111111111111111111111100000000
00000111111011111111111111111111111111111111111000000000
00000111121011111111111111111001111111111111111000000000
00000011100011111111111111110000111111111111111000000000
00000001100011111111111111100000011111111111111000000000
00000000000111111111111111000000011111111111111100000000
00000000001111111111111110000000011111111111111110000000
00000000011111111111111110000000111111111111111111000000
00000000111111111111111111000001111111111111111111100000
00000001111111111111111111000001111111111111111111110000
00000011111111111111111111000001111111111111111111111000
00000111111111111111111111000001111111011111111111111100
00000111111111111111111110000000111110001111111111111100
00001111111111111110111100000000011000000011111111111100
00001111111111111100000000000000000000000011111111111000
00001111111111111000000000000000000000000111111111111000
00001111111111110000000000000000000000001111111111120000
00001111111111100000000000000000011000011111111111100000
00000111111111100000011100000000111000111111111112000001
00000111111111110000111110000001111101111111111110000011
00000021111111111002111111000011111111111111111100000111
00000001111111111112111111100011111111111111112000001111
00000000211111111112111111100011111111111111110000011111
00000000011111211122211121000001111111111111200000111111
00000000011111221122211220000000111111111111000001111111
11111000011111122222222200000000111111111111000011111111
11111000011111122222222200000001111111111111000111111111
11111000011111122222222200000011111111111111001111111111
11111000011111122222222210001111111111111111001111111111
11111000011111112222222111001111111111101111101111111111
11111000011111112222222111111111111111101111111111111111
11111100011111111222221111111111111111001111111111111111
11111100011111111222221111111111111100001111111111111111
11111100111100111222221111111111111100001111111111111111
11111000111100000000211111111111110000001111111111111111
11111001111100000000211111111111110000011111111111111111
11111001111000000000011111111111100000111111111111111111
11110011112000000000000111111112000001111111111111111111
11110011110000000000000111111110000011111111111111111111
11111111110011000000000001111000000111111111111111111111
11111111100011001100000001111000001111111111111111111111
11111111100111111100000000110000011111111111111111111111
11111111111111111100000000000000111111111111111111111111
11111111111111111100000000000001111111111111111111111111
11111111111111111100000000000011111111111111111111111111
11111111111111111100001100000111111111111111111111111111
11111111111111111111111111001111111111111111111111111111
11111111111111111111111111011111111111111111111111111111
11111111111111111111111111111111111111111111111111111111
11111111111111111111111111111111111111111111111111111111
11111111111111111111111111111111111111111111111111111111
11111111111111111111111111111111111111111111111111111111
11111111111111111111111111111111111111111111111111111111
11111111111111111111111111111111111111111111111111111111
11111111111111111111111111111111111111111111111111111111
11111111111111111111111111111111111111111111111111111111
11111111111111111111111111111111111111111111111111111111
11111111111111111111111111111111111111111111111111111111
11111111111111111111111111111111111111111111111111111111
11111111111111111111111111111111111111111111111111111111
11111111111111111111111111111111111111111111111111111111
