0000000000000000000000000000000000000
0011000011111111110000000000001100000
0110000011111111110000000000011100000
0110000001111111110000000000111110000
0110000001111111100000000000101110000
0110000001111111100000000011101100000
0111000001111111100000000111111000000
0111000011111111100000000111111000000
0111100111101111110000000111111000000
0111111111000111110000001111110000000
0001111111000111100000011100110000000
0000111110000111100011111000100000000
0000011110000111100111111000000000000
0000000000000111101111111000000000000
0000000000111111111111110000000000000
0000000001111111111111100000000000000
0000000011111111111111000000000000000
0000000111100001111111001100000000000
0000001111100001111111011111110000000
0000011111000000011111111111110000000
0000111110000000000111111111110000000
0001111100000000000001111111110000000
0111111000000000000000111111110000000
0111100000000000000000111111110000000
0111100000000000000000001111110000000
0111100000000000000000000111111000000
0111100000000000000000000000011100000
0111000000000000000000000000011111000
0111000000000000000000000000011111000
0110000000000000000000000000011110000
0110000000000000000000000000111100000
0110000000000000000000000000111000000
0110000000000000000000000001110000000
0111000000000000000000000001100000000
0011100000000000000000000011100000000
0011110000000000000000000111100000000
0001110000000000000000000111000000000
0000111100000000000000000111000000000
0000011110000000000000000011100000000
0000011110000000000000000011100000000
0000011111000000000000000011100000000
0000011111000000000000000011100000000
0000011111100000000000000011100000000
0000011111110000000000000111110000000
0000011111110000000000001111110000000
0000111111110000000000011111110000000
0000111001111111000000111110011100000
0000111001111111100001111110011100000
0000110001111111111111111110011100000
0000110001111111111111111111111110000
0001100000011111111111111111111110000
0001100000001111111110001111111110000
0111100000001111111110001111111110000
1111100000001111111110001111111110000
1111000000000000000000000000000000000
1110000000000000000000000000000000000
