000000000000000000000000000000000000000000000000000000000000000000000000000000000000000000000
000000000000000000000000000000000000000000000000000000000000000000000000000000000000000000000
000000000000000000000000000000000000000000000000000000000000000000000000000000000000000000000
000000000000000000000000000000000000000000000000000000000000000000000000000000000000000000000
000000000000000000000000000000000000000000000000000000000000011111111111111111111111111111100
000000000000000000000000000000000000000000000000000000000000011111111111111111111111111111100
000000000000000000000000000000000000000000000000000000000000011111111111111111111111111111100
000000000000000000000000000000000000000000000000000000000000011111111111111111111111111111100
000000000000000000000000000000000000000000000000000000000000011111111111111111111111111111100
000000000000000000000000000000000000000000000000000000000000011111111111111111111111111111100
000000000000000000000000000000000000000000000000000000000000011111111111111111111111111111100
000000000000000000000000000000000000000000000000000000000000011111111111111111111111111111100
000000000000000000000000000000000000000000000000000000000000011111111111111111111111111111100
000000000000000000000000000000000000000000000000000000000000011111111111111111111111111111100
000000000000000000000000000000000000000000000000000000000000011111111111111111111111111111100
000000000000000000000000000000000000000000000000000000000000011111111111111111111111111111100
000000000000000000000000000000000000000000000000000000000000000001111111111111111111111111100
000000000000000000000000000000000000000000000000000000000000000001111111111111111111111111100
000000000000000000000000000000000000000000000000000000000000000000011111111111111111111111100
000000000000000000000000000000000000000000000000000000000000000000011111111111111111111111100
000000000000000000000000000000001111111100000000000000000000000000000000011111111111111111100
000000000000000000000000000000001111111110000000000000000000000000000000111111111111111111100
000000000000000000000000000000111111111111111110000000000000000000000001111111111111111111100
000000000000000000000000000000111111111111111110000000000000000000000011110111111111111111100
000000000000001111110011111000111111111111111111110000000000000000000011110111111111111111100
000000000000001111110011111000111111111111111111111111100000000000000111110011111111111111100
000000000000001111111111111000111111111111111111111111110000000000001111100001111111111111100
000000000000011111111111111111111111111111111111111111111000000000011111000001111111111111100
000000000000011111111111111111111111111111111111111111111000000000111110000000111111111111100
000000000000011111111111111111111111111111111111111111111000000001111100000000011111111111100
000000000000011111111111111111111111111111111111111111111000000011111100000000001111111111100
000000000000001111111111111111111111111111111111111111111000000111110000000000001111111111100
000000000000001111111111111111111111111111111111111111111000011111100000000000000111111111100
000000000000000000111111111111111111111111111111111111111101111111000000000000000011111111100
000000000000000000111111111111111111111111111111111111111111111100000000000000000011111111100
000000000000000000111111111111111111111111111111111111111111111100000000000000000001111111100
000000000000000000111111111111111111111111111111111111111111100000000000000000000000001111000
000000000000000000001111111111111111111111111111111111111111100000000000000000000000000011000
000000000000000000001111111111111111111111111111111111111111110000000000000000000000000000000
000000000000000000001111111111111111111111111111111111111111110000000000000000000000000000000
000000000000000000001111111111111111111111111111111111111111111100000000000000000000000000000
000000000000000000001111111111111111111111111111111111111111111110000000000000000000000000000
000000000000000000001111111111111111111111111111111111111111111111100000000000000000000000000
000000000000000000001111111111111111111111111111111111111111111111111000000000000000000000000
000000000000000000011111111111111111111111111111111111111111111111111100000000000000000000000
000000000000000000011111111111111111111111100111111111111111111111111111000000000000000000000
000000000000000000111111111111111111111111111111111111111111111111111111110000000000000000000
000000000000000000111111111111111111111111111111111111111111111111111111110000000000000000000
000000000000000000111111111111111111111111111111111111111111111111111111110000000000000000000
000000000000000001111111111111111111111111111111111111111111111111111111110000000000000000000
000000000000000001111111111111111111111111111111111111111111111111111111110000000000000000000
000000000000000001111111111111111111111111111111111111111111111111111111110000000000000000000
000000000000000001111111111111111111111111111111111111111111111111111111110000000000000000000
000000000000000001111111111111111111111111111111111111111111111111111111110000000000000000000
000000000000000111111111111111111111111111111111111111111111111111111111110000000000000000000
000000000000000111111111111111111111111111111111111111111111111111111111110000000000000000000
000000000000000111111111111111111111111111111111111111111111111111111111111111000000000000000
000000000000001111111111111111111111111111111111111111111111111111111111111111000000000000000
000000000000001111111111111111111111111111111111111111111111111111111111111111111100000000000
000000000000001111111111111111111111111111111111111111111111111111111111111111111111000000000
000000000000001111111111111111111111111111111111111111111111111111111111111111111111000000000
000000000000011111111111111111111111111111111111111111111111111111111111111111111111100000000
000000000000011111111111111111111111111111111111111111111111111111111111111111111111110000000
000000000001111111111111111111111111111111111111111111111111111111111111111111111111110000000
000000000001111111111111111111111111111111111111111111111111111111111111111111111111110000000
000000000001111111111111111111111111111111111111111111111111111111111111111111111111111000000
000000000001111111111111111111111111111111111111111111111111111111111111111111111111111000000
000000000001111111111111111111111111111111111111111111111111111111111111111111111111111000000
000000000001111111111111111111111111111111111111111111001111111111111111111111111111111100000
000000000001111111111111111111111111111111111111111111011111111111111111111111111111111100000
000000000001111111111111111111111111111111111111111111111111111111111111111111111111111100000
000000000001111111111111111111111111111111111111111111111111111111111111111111111111111100000
000000000000001111111111111111111111111111111111111111111111111111111111111111111111111100000
000000000000000111111111111111111111111111111111111111111111111111111111111111111111111100000
000000000000000000111111111111111111111111111111111111111111111111111111111111111111111100000
000000000000000000111111111111111111111111111111111111111111111111111111111111111111111000000
000000000000000000000111111111111111111111111111111111111111111111111111111111111111111000000
000000000000000000000111111111111111111111111111111111111111111111111111111111111111110000000
000000000000000000000111111111111111111111111111111111111111111111111111111111111111110000000
000000000000000000000111111111111111111111111111111111111111111111111111111111111111110000000
000000000000000000000111111111111111111111111111111111111111111111111111111111111111000000000
000000000000000000000111111111111111111111111111111111111111111111100111111111000000000000000
000000000000000000000111111111111111111111111111111111111111111000000000011111000000000000000
000000000000000000000111111111111111111111111111111111111111111000000000011111000000000000000
000000000000000000000011111111111111111111111111111111111111111000000000011111000000000000000
000000000000000000000011111111111111111111111111111111111111111000000000000000000000000000000
000000000000000000000000000111111111111111111111111111111111111000000000000000000000000000000
000000000000000000000000000111111111111111111111111111111111111000000000000000000000000000000
000000000000000000000000000111111111111111111111111111111111111000000000000000000000000000000
000000000000000000000000000111111111111111111111111111111111111000000000000000000000000000000
000000000000000000000000000111111111111111111111111111111111111000000000000000000000000000000
000000000000000000000000000111111111111111111111111111111111111000000000000000000000000000000
000000000000000000000000000011111111111111111111111111111111110000000000000000000000000000000
000000000000000000000000001111111111111111111111111111111111110000000000000000000000000000000
000000000000000000000000001111011111111111111111111111111111110000000000000000000000000000000
000000000000000000000000011111000111111111111111111111111111110000000000000000000000000000000
000000000000000000000000111110000011111111111111111111111111110000000000000000000000000000000
000000000000000000000000111100000011111111111111111111111111110000000000000000000000000000000
001111000000000000000001111000000011111111111111111111111111100000000000000000000000000000000
001111000000000000000011111000000011111111111111111111111111100000000000000000000000000000000
001111111000000000000111110000000011111111111111111111111111000000000000000000000000000000000
001111111000000000001111100000000000111111111111111111111111000000000000000000000000000000000
001111111000000000011111000000000000111000011111111111111111000000000000000000000000000000000
001111111000000000111110000000000000000000011111111111111100000000000000000000000000000000000
001111111000000001111100000000000000000000011111111110000000000000000000000000000000000000000
001111111110000111111000000000000000000000011111111110000000000000000000000000000000000000000
001111111111111111110000000000000000000000011111111110000000000000000000000000000000000000000
001111111111111111100000000000000000000000000000000000000000000000000000000000000000000000000
001111111111111111000001110000000000000000000000000000000000000000000000000000000000000000000
001111111111111000000011111000000000000000000000000000000000000000000000000000000000000000000
001111111111111100111111111000000000000000000000000000000000000000000000000000000000000000000
001111111111111111111111111000000000000000000000000000000000000000000000000000000000000000000
001111111111111111111111111000000000000000000000000000000000000000000000000000000000000000000
001111111111111111111111111000000000000000000000000000000000000000000000000000000000000000000
001111111111111111111111111000000000000000000000000000000000000000000000000000000000000000000
001111111111111111111111111111110000000000000000000000000000000000000000000000000000000000000
001111111111111111111111111111110000000000000000000000000000000000000000000000000000000000000
001111111111111111111111111111111000000000000000000000000000000000000000000000000000000000000
001111111111111111111111111111111000000000000000000000000000000000000000000000000000000000000
001111111111111111111111111111111000000000000000000000000000000000000000000000000000000000000
001111111111111111111111111111111000000000000000000000000000000000000000000000000000000000000
001111111111111111111001111111111000000000000000000000000000000000000000000000000000000000000
001111111111111111111111111111111000000000000000000000000000000000000000000000000000000000000
001111111111111111111111111111111000000000000000000000000000000000000000000000000000000000000
001111111111111111111111111111110000000000000000000000000000000000000000000000000000000000000
001111111111111111111111111111110000000000000000000000000000000000000000000000000000000000000
001111111111111111111111111111100000000000000000000000000000000000000000000000000000000000000
001111111111111111111111111100100000000000000000000000000000000000000000000000000000000000000
001111111111111111111111110000000000000000000000000000000000000000000000000000000000000000000
001111111111111111111111110000000000000000000000000000000000000000000000000000000000000000000
001111111111111111111111100000000000000000000000000000000000000000000000000000000000000000000
001111111111111111111111100000000000000000000000000000000000000000000000000000000000000000000
001111111111111111111110000000000000000000000000000000000000000000000000000000000000000000000
001111111111111111111110000000000000000000000000000000000000000000000000000000000000000000000
001111111111111111111110000000000000000000000000000000000000000000000000000000000000000000000
001111111111111111111110000000000000000000000000000000000000000000000000000000000000000000000
000000000000000000000000000000000000000000000000000000000000000000000000000000000000000000000
000000000000000000000000000000000000000000000000000000000000000000000000000000000000000000000
000000000000000000000000000000000000000000000000000000000000000000000000000000000000000000000
000000000000000000000000000000000000000000000000000000000000000000000000000000000000000000000
