1111110001111111111111111110000000000
1111111000111111111111111110000000000
1111111100011111111111111110000000000
1111111110001111111111111110000000000
1111111111000110011111111110000000000
1111111111100010011111111110000000000
1111111111110000001111111111000000000
1111111111111000001111111111000000000
1111111111111100001111111111000000000
1111111111111100001111111111000000000
1111111111111001011111111110000000000
1111111111110011111111111110000000000
1111111111110111111111111111000000000
1111111111110011111111111111000000000
1111111111110001111111111111000000000
1111111111000000011111110011000000000
1111111111100000011111100011001000000
1111111111110000011111111111011000000
1111111111011000011111111111111000000
1111111111011100111111111111111000000
1111111111100111111111111111111000110
1111111111110011111111111111111101111
1111111111111011111111111111111101111
1111111111110001111111111111111101111
1111111111110001111111111111111101111
1111111111110011111111111111111111111
1111111111100011111111111111111111111
1111111111000011111111111111111111111
1111111110010111111111111111111111111
1111111100111111111111111111111111111
1111111001111111111111111111111111111
1111111001111111111111111111110011111
1111111000111111111111111111000001111
1111111100111111111111111011000000111
1111111101111111111111110001100000010
1111111111111111111100100001100000000
1111111111111011111100001100110000000
1111111111100001111110001110011000000
1111111111100000111100111111011100000
1111111111100000011001111100011000000
1111111111100000000011111100110000000
1111111110110000000011111101100000000
1111111110011000000111111100110000000
1111111111001110000111111100011000000
1111111111100111000111111110001100000
1111111111110011111111111111000110000
1111111111111001111111111111100011000
1111111111111111111111111111110001100
1111111111111111111111111111111000110
1111111111111111111111111111111100111
1111111111111111111111111111111110111
1111111111111111111111111111111111111
1111111111111111111111111111111111111
1111111111111111111111111111111111111
1111111111111111111111111111111111111
1111111111111111111111111111111111111
