000000000000000000000000000000000000000000000000000000000000022211111111111111222000000000000
000000000000000000000000000000000000000000000000000000000000012211111111111111112000000000000
000000000000000000000000000000000000000000000000000000000000022111111111111111222000000000000
000000000000000000000000000000000000000000000000000000000000012211111111111111220000000000000
000000000000000000000000000000000000000000000000000000000000022211111111111111210000000000000
000000000000000000000000000000000000000000000000000000000000021111111111111111212000000000000
000000000000000000000000000000000000000000000000000000000000011211111111111112221000000000000
000000000000000000001100000000000000000000000000000000000000021211111111001122221000000000000
000000000000000000011110000000000000000000000000000000000000021221111111001111221000000000000
000000000000000000011100000000000000000000000000000000100000222211122110000011222000000000000
000000000000000000011110000000000000000000000000000000122001222211222100000000121000000000000
000000000000000000011111000002110000000000021000000001122022111112222200000000020000000000000
000000000000000000011111111022122000022000012111111111112221111112222000000000010000000000000
000000000000000000011111111112222200112000221111111111111111111111222000000000000000000000000
000000000000000000011111111122222221111000221111111111111111111211220000000000000000000000000
000000000000000000111111111112222221111111111111111111111011112211200000000000000000000000000
000000200000000000011111111112222111111111111111111111111001100111100000000000000000000000000
000001110000000000111111111111221111111111111111111111111001000010000000000000000000000000000
000001110000000011011111111111111111111111111111111111111000000010000000000000000000000000000
000001111000011111111111111111111111111111111111111111111000000000000000000000000000000000000
000000101101111111111111111111111111111111111111111111211000000000000000000000000000000000000
000000001111111112211111111111111111111111111111111111210000000000000000000000000000000000000
000000000111111222211111111111111111111111111111111112220000000000000000000000000000000000000
000000000100001222201111111111111111111111111111111112220000000000000000000000000000000000000
000000000000000000001111111111111111111111111111111112220000000000000000000000000000000000000
000000000000000000001111111111111111112111111111111111220000000000000000000000000000000000000
000000000000000000001111111111111111212121111111111111100000000000000000000000000000000000000
000000000000000000001111111111111111212221111111111111100000000000000000000000000000000000000
000000000000000000001111111111111111122111111111111111000000000000000000000000000000000000000
000000000000000000121111111111111111112211111111111110000000000000000000000000000000000000000
000000100000000002221111111111111111122211111111111110000000000000000000000000000000000000000
000001100000000002221111112211111112222111111111111110001100110021100000000000000000000000000
000001110000000012211111112211111112122221111111111111111111110121110000000000000000000000000
000001110000000011111111112121111111222211111111111111111111110121210000000000000000000000000
000011100001110111111111112211111111222211111111111111111111111122110000000000000000000000000
000111110011111111111111122211111111222221111111111111111111111121100000000000000000000000000
000111111111111111111111122211111111222221111111111111111111111111011000000000000000000000000
000111111111111111111000012211111111222211111111111111111111111100111100000000000000000000000
001111111111111211110000000111111111222211112221111111111111111111111100000000000000000000000
001111111111111211100000000111111111222221222211111111111111111111111000000000000000000000000
000111111111212211000000000011111112222211222211111111121111111110010000000000000000000000000
000111111111122220000000000001111122221111212221111111121111110000000000000000000000000000000
000111111111122210000000000001111112211112222221111111122211110000000000000000000000000000000
000111001111222220000000000011111111221222222221111111222111110000000000000000000000000000000
000010011111222220000000000011111111221212222221111111222111110000000000000000000000000000000
000000011112222221000000100011111112211222222222111111121111100000000000000000000000000000000
000000011112222221000000111211111111111122222221111111121111100000010000000000000000000000000
000000111112222222100001111122111111111122122222111121111111110111122200000000000000000000000
000000111112222222200011121222111111111122222222211112111111111111112220000000000000000000000
000000111112222222211111122222111111111122222122202222111111111111122222000000000000000000000
000000111112222222211111122222111111111112221222202220111110111111122222000000000000000000000
000000111111222212211111122222111111111122222222202220000110111111112221000000000000000000000
000001111112222222111111122222111111111111221222102200000000111111112211000000000000000000000
000001111111222222111111112222111111111111111222200200000000111111111111000000000000000000000
000001111111222222211111112222111111111111111222200000000000111111111110000000000000000000000
000001111111122222211111111222111112211111111122200000000001111111111100000000000000000000000
000001111111111121111111112222111211211111111111100000000001111111111100000000000000000000000
000001111111111111111111211222111222211111111100100000000001111111111100000000000000000000000
000011111111111111111111211112112222211111111000000000000001111111111000000000000000000000000
000011111111111111111122211111222222221111111100100000000002111111111100000000000000000000000
000011111111111111111222221111222222221111111100100000000000211111111000000000000000000000000
000211111111100011121222222111122222221111111100100000000000002111111000000000000000000100000
000211111110000001122222222111221222211111111100111000000000000000110000000000000000100100000
000211111100000001122222221111212222221111111100111000000000000000000000000000000000101110000
000211111100000001112222112111122222221111111100111000000000000000000000000000000001112110000
001211111100000001112222221111222222221111111100111000000000000000000000000000000001112000000
000011100000000001112222221111222122220111111111110000000000000000000000000000000001111100000
000000000000000001112222222111122222110111111111100000000000000000000000000000000001111200000
000000000000000001112222222111122221100011111111100000000000000000000000000000000001112100000
000000000000000000002222221121122222100111111111100000000000000000000000000000000001111210000
000000000000000000000220111121112221110111111111100000000000000000000000000000010011111210000
000000000000000000000202111121111221110111111111100000000000000000000000000001111111111111000
000000000000000000000011121121111111100011111111100000000000000000000000000011111111111111100
000000000000000000000111100011111111100011111111110000000000000000000000000011111111111111110
000000000000000000000111100000000111100111111111110000000000000000000000000111111111111111100
000000000000000000000111000000000111101011011111110000000000000000000000000111111111111111110
000000000000000000000110000000000000111111001111111000000000000000000000000111111111111111100
000000000000000000001100000000000000001111000111111000000000000000000000001111111111111111100
000000000000000000001100000000000000001100000111111100000000000000000000001111111111111110000
002000000000000000011200010000000000000000000111111100000000000000000000001111111111111110000
002110000000000000011000110000011000000000000011111100000000000000000000000111111111111100000
002210000000200000011011110001111000000000000001111110000000000000000000000111111111111100000
002111000000200001111111111011111100000000000001111110000000000000000000001111111111111100000
002111000000200001111111111111121200000000000000111111100001211000000000001111111111111000000
022211111012220011111111111111221100000000000000001111111111211110000000001111111111111100000
022211111112222211111111111111122000000000000000001111111111211111000000011111111111111100000
022221111111222211111111110111112000000000000000001111111111211111100000001111111111111110000
022221111111112111111111110011220000000000000000000111111111211111110000011111111001111110000
002211111111111111111111110001000000000000000000000111111111211111110000011111110000111111000
001211111111111111111111110000000000000000000000000111111111211111111000111111110000011111000
002211111111111111111211100000000000000000000000000011111111211111111111111111100000011111100
002221101001011111112222100000000000000000000000000001111111211111111111111111000000011111110
002211000000011212122222100000000000000000000000000001111111211111111111111110000000011111111
000211000000001212121222000000000000000000000000000001111111111111111111111100000000011111121
000011000000001211122222000000000000000000000000000001111111111111111111110000000000011111112
000010000000001221112220000000000000000000000000000000111111111111110111100000000000001111112
000001000000001221112200000000000000000000000000000000011111111111100000000000000000001111121
000001000000000221112200000000000000000000000000000000011111111111000000000000000000001111112
000001000000000111112000000000000000000000000000000000001111111111000000000000000000000011122
000001000000000111100000000000000000000000000000000000001111111110000000000000000000000011121
000000000000000110000000000000000000000000000000000000001111100000000000000000000000000011121
000000000000000000000000000000000000000000000000000000011110000000000000000000000000000001111
000000000000000000000000000000000000000000000000000000011110000000000000000000000000000001111
000000000000000000000000000000000000000000000000000000011100000000000000000000000000000111111
000000000000000000000000000000000000000000000000000000111100000000000000000000000000000111111
000000000000000000000000000000000000000000000000000000111100000000000000000000000000000111111
000000000000000000000000000000000000000000000000000000111100000000000000000000000000000111111
000000000000000000000000000000000000000000000000000001111100000000000000000000000000000111111
000000000000000000000000000000000000000000000000000001111100000000000000000000000000000111111
000000000000000000000000001110000000000000000000000011111100000000000000000000000000000111111
000000000000000000000000001110000000000000000000000011111100000000000000000000000000000111111
000000000000000000000000000111011100000000000000000111111100000000000000000000000000001111000
000000000000000000000000000111111100000000000000000111111100000000000000000000000000001110000
000000000000000000000000000111111110000000000000000011111100000000000000000000000000011100000
000000000000000000000000000111111111000000000000000111111100000000000000000000000000011100000
000000000000000000000000000111111111000000000000000111111000000000000000000000000000011100000
000000000000000000000000000011111111100000000000000111111000000000000000000000000000111100000
000000000000000000000000000111111111110000000000001111111000000000000000000000000000112100000
000000000000000000000000000011111111111000000000011111111000000000000000000000000000112100000
000000000000000000000000000011111111111100000000011111111000000000000000000000000000111100000
000000000000000000000000000001111111111111011010011111110000000000000000000000000000111200000
000000000000000000000000000001111111111111111110111111110000000000000000000000000000111100000
000000000000000000000000000000001111111111111111111111100000000000000000000000000000111210000
000000000000000000000000000000001111111111111111111111000000000000000000000000000001111110000
000000000000000000000000000000000111111111111111111110000000000000000000000000011111111210000
000000000000000000000000000000000111111111111111111110000000000000000000000000011111111220000
000000000000000000000000000000001111111111111111111000000000000000000000000000011111111221000
000000000000000000000000000000001111001111111111110000000000000000000000000000111111111122000
000000000000000000000000000000001111001111111111000000000000000000000000000000111111111221100
000000001111110000000000000000011111001111111111000000000000000000000000000000111111111221100
000011111111110000000000000000111110001111111111000000000000000000000000000000011111111111100
000111111111110000000000000001111100001111111110000000000000000000000000000000011121111111100
001111111111100000000000000001111000001111011110000000000000000000000000000000011212111111100
011111111111111100000000000111110000000111011000000000000000000000000000000000011222111111110
011111110001111111111000001111100000000011000000000000000000000000000000000000012221111111110
111110000000011111111100111110000000000011000000000000000000000000000000000000001111111111110
111000000000000111111111111100000000000001000000000000000000000000000000000000001111111111110
111000000000000000001111111000000000000000000000000000000000000000000000000000001111111111110
110000000000000000000000000000000000000000000000000000000000000000000000000000000111111111110
100000000000000000000000000000000000000000000000000000000000000000000000000000000011111111110
