0000000000000000000011000111110000000
0000000000000000000011000111110000000
0000000000000000000011000111110000000
0000000000000000000011111111110000000
0000000000000000000011111111110000000
0000000000000000000011111111110000000
0000000000000000000011111111110000000
0000000000000000000011111111110000000
0000000100000000000000000001110000000
0000000100000000000000000001110000000
0000011111100000000000000001111000000
0001111111100000000000000001111000000
0001111111110000000000000001111000000
0001111111110000000000000001111000000
0001111111110000000001000100111000000
0001111110000000000011000100111000000
0001111100000000111111000100111000000
0001111100001111111111001100111000000
0001111100011111111111111100111000000
0001111111111111111111111100111000000
0001111111110000000001111100111000000
0000111111110000000000001100111000000
0000110111100000000000001110111000000
0000111000000000000000000110111000000
0000111000000000000000000111110000000
0000111000000000000000000111110000000
0000111000000000000000000111100000000
0000111100000000000000000111100000000
0000111100000000000000001111100000000
0000011100000000000000001111000000000
0000011100000000000000001111000000000
0000011100000000000000001111000000000
0000011100000000000000000011000000000
0000011100000000000000000011000000000
0000011100000000000000000011100000000
0000011100000000000000000011111100000
0000011000000000000000000011111100000
0000011000000000000000000001111100000
0000011000000000000000000001111100000
0000011000000000000000000011111100000
0111111000000000000000000011111100000
0111111000000000000000000011110000000
0111110000000000000001000111100000000
0111110000000000000001111111100000000
0011110000000000000001111111000000000
0011111000000000000001111111000000000
0001111101000000000001111110000000000
0001111111000000000001111100000000000
0001111110000000000001111100000000000
0001111110000000000001111000000000000
0001110000000000000000111000000000000
1111110000000000000000111000000000000
1111100000000000000000111000000000000
1111100000000000000000111000000000000
1100000000000000000000000000000000000
1100000000000000000000000000000000000
