0001111110000000000000000000000000000
0001111110000000000000000000000000000
0001111110000000000000000000000000000
0001111110000000000000000000000000000
0001111110000000000000000000000000000
0001111110000000000110111010111110000
0001111110000000011111111111111111000
0001111110000000011111111111111111000
0001111110000000011111111111111111000
0001111110000000011111111111111111000
0001111110000000011111111111111111100
0001111110000000001111111111111111100
0001111110000000000001111111111111100
0001111110000000000001111111111111100
0001111110000000000001111111111111100
0001111110000000000000011111111111100
0001111110000000000000000111011111110
0001111110000000000000000111001111110
0000111111000000000000000011100011100
0001111111000000000000000011100000000
0001111111100000000000000011100000000
0001111111100000000000000011100000000
0001111111110000000000000011100000000
0001111111110000000000000011100000000
0001111111110000000000000011100000000
0001111111110000000000000011000000000
0011111111111111111111000011000000000
0011111111111111111111100011000000000
0111111111111111111111111111000111000
0111111111111111111111111111111111000
0011111111100111111111111111111111000
0000111111100011111111111111111111010
0000001110000011111111111111111111111
0000000000000001111111111111111111111
0000000000000000111111111111111111111
0000000000000000111111111111111111111
0000000000000000111111111111111111111
0000000000000000111111111111111111111
0000000000000000001111111111111111111
0000000000000000001111111111111111111
0000000000000000001011111111111111111
0000000000000000011011111111111111111
0000011000000000010111111111111111111
0000011110000000110111111111111111111
1111111111110001110011111110011111111
1111111111111111100011111110001111111
1111111111111111000011111100000001111
1111111111111111000011111101000001111
1111111111111111100011111111000001111
1111111111111111100011111110000011111
1111111111111111100001111100000011111
1111111111111111000001111100000011111
1111111101111111000001110000000011111
1111110001101110000000000000000011111
0001110000001100000000000000000001111
0000000000000000000000000000000001111
