0000000000000000000000000000000000000
0000000000000000000000000000000000000
0000000000000000000000000000000000000
0000000000000000000000000000000000000
0000000000000000000000000000000000000
0000000000000000000000000000000000000
0000000000000000000000000000000000000
0000000000000000000000000000000000000
0000000000000000000000000000000000000
0000000000000000000000000000000000000
0000000000000100000000000000000000000
0000000110001100000000000000000000000
0000000111111111000000000000000000000
0000100111111111100000000000000000000
0000111111111111110000000000000000000
0000111111111111111000000000000000000
0111111111111111111100000000000000000
0111111111111111111100000000000000000
0111111111111111111110000000000000000
0111111111111111111110000000000000000
0111111111001111111100000000000000000
0111111111111111111100000000000000000
0111111111111111111100000000000000000
0111111111111111111100000000000000000
0011111111111111110000000000000000000
0001111111111111110000000000000000000
0000111111111111111000000000000000000
0000011111111110111000000000000000000
0000001111111110011100000000000000000
0000000111111110001100000000000000000
0000000011111100001110000000000000000
0000000001000000000110011000000000000
0000000000000000000011011100000000000
0000000000000000000011111100000000000
0000000000000000000011111110000000000
0000000000000000000011111111000000000
0000000000000000000011111111100000000
0000000000000000000000111111110000000
0000000000000000000000011111111000000
0000000000000000000000001111111100000
0000000000000000000000000111111110000
0000000000000000000000000011111110000
0000000000000000000000000001111110000
0000000000000000000000000000111110000
0000000000000000000000000000011111000
0000000000000000000000000000001111100
0000000000000000000000000000000011100
0000000000000000000000000000000001110
0000000000000000000000000000000001110
0000000000000000000000000000000000111
0000000000000000000000000000000000111
0000000000000000000000000000000000111
0000000000000000000000000000000000111
0000000000000000000000000000000000000
0000000000000000000000000000000000000
0000000000000000000000000000000000000
