0000000000000000110111111100000000000
0000000000000111111111111100000000000
0000000000000111111111111100000000000
0000000000111111111111111110000000000
0000000001111111111111111110000000000
0000000011111111111111111110000000000
0000000111111111111111111110000000000
0000000111111111111111111110000000000
0000000111111111111111111100000000000
0000000011111111111111111101000000000
0000110011111111111111111111000000000
0001110011111111111110011111110000000
0011110111111111111111111111110000000
0011111111111111111111111111111100000
0111111111111111111111111111111110000
0111111111111111111111111111111111100
1111111100011111101111111111111111100
1111111110111111111111111111111111110
1111111111111111111111111111111111111
1100111111111111111111111111111111111
1111111111111111111111111111111101111
1111111111111111111111111111111111111
1111111111111111111111111111111111111
1111111111111111111111000111111111111
1111111111111111111111101111111111111
1111111001111111111111111111111111101
1111111111111111111111111111111111111
1111111111111111111111111111111111111
1111111111111111111111111111111111111
1111111111111111111111111111111111111
1111111111111111111111111111111111111
1111111111111111111111111111111111111
1111111111111111111111111111111111111
0111111111111111111111111111111111111
1111111111111111111111111111111111111
1111111111111111111111111111111111111
1111111111111111111111111111111111111
1111111111111111111111111111111111111
1111111111111111111111111111111111111
1111111111111111111111011111111111111
1111111111111111111101111111111110011
1111111111111111111111111111111110011
1111111111111111111111111111111111111
1111111111111111111111111111111111111
1111111111111111111111111111111111110
1111111111111111111111111111111111111
1111111111111101111111111111111111110
1111111111111111111111111111111011101
1111111111111111111111111111111111000
1111111111111111111111111111111111110
1111111111111111111111111111111111000
1111111110011111111111111111111110000
1111111101111111111111111111111100000
1111111111111111111111111111111000000
0011111111111111111111111111110000000
0011110001111111111111111111000000000
