0000000000000000000000000000000000011
0000000000000000000000000000000000111
0000011111111111111111100000000011111
0000011111111111111111100000000011110
0000000111111111111111100000000111100
0000000000111111000111000000001111000
0000000000111110000111000001111110000
0000000000111100100111000011111100000
0000000001111101110111000011111000110
0000000001111111111111011111111001110
0000000001111111111111111111110001110
0000110001111111111111111111000001110
0000111001111111111111111111000011100
0000011111111111111111111111100011100
0000011111111111111111111111100011100
0000011111111111111111111111100111100
0000011111111111011111111111101111100
0000011111111110001111111111111111100
0000111111111100000111111001111111100
0001111111111000000011110011111111100
0001111111111000000011100011111111100
0000011111111000000111100111100111100
0100011111111000001111101111100001100
0110001111111110001111111111100001100
0111001111111111011111111111111111100
0111111111111111111111111111111111110
0111111111111111111111111111111111110
0111111111111111111111111111111111110
0111111111111111111111111111111111110
0111111111111111111111111111111111110
0111111111110111111111111111111111110
0111111111110111111111111111111111110
0111111111110001111111111111111111110
0111111111110001111111111111111111110
0111111111110000011111111111111111110
0111111111111000001111111111011111110
0111111111111000000111111111001111110
0111111111111000000111111111000111110
0011111111111111000111111111100111110
0011111111111111101111111111000111110
0111111111111111111111111111000111110
0111111111111111111111111111000111110
0111111111111111111111111111111111110
0111111111111111111111111111111111110
0011110111111111111111111111111111110
0011100111111111111111111111111111110
0000001111111011111111111111111111110
0000011111110001111100111111111111110
0000111111100000111000111111111111110
0000111111100000011001111111111111110
0001111110000000000011111111111111110
0011111000000000000111111111111111110
0011111000000000000111111001111111110
0011111000000000000000000000000000000
0111100000000000000000000000000000000
0111100000000000000000000000000000000
