0000000000000000000000000000000001111
0000000000000000000000000000000001111
0000000011111100000000000000000011111
0000011111111111001111110111000011111
0000011111111111111111111111111111111
0000111111111111111111111111111111111
0001111111111111111111111111111111101
0001111111111111111111111111111111100
0001111111111111111111111111111111100
0001111111111111111111111111111111100
0001111110000000011111111111111111110
0001111110000000001111111111111111110
0001111000000000000111111111111111110
0111111000000100000111111111111111110
0111110000011111101111111111111111110
0111110000011111111111111100111111110
0011100001111111111111111100011111110
0011100011111111111111111100011111110
0011100011111111111111111110001111000
0111100011111111111111111110000111100
0111100011111111111111111111000111110
0111100011111111111111111111100011110
0111100011111111111111111111100001110
0111100011111111111111111111100001110
0111100011111111111111111111110001110
0111100000111111111111111111110001110
0111111000111111111111111111110001110
0111111111111111111111111111110001110
0111111111111111111111111111100001110
0111111111111111111111111111100001110
0111111111111111111111111111100011110
0111111111111111111111111111100011110
0111111111111111111111111111000111110
0111111111111111111111111100000111110
0111111111111111111111111100001111110
0111111111111111111111111000011111110
0111111111111111111111100000011111110
0111111111111100001011100000011111110
0111111111111110000000000000001111110
0111111111111111000000000000001111110
0111111111111111000001100000001111100
0111111111111111011111111000011111100
0111111111111111111111111100011111100
0111111111111111111111111100011111100
0111110011111111111111111111111111100
0111110011111111111111111111111111100
0111111111111111111111111111111111100
0111111111111111111111111111111111100
1111111111111111111111111111111111000
1111111111111111111111111111111110000
1111111111111111111111111111111100000
1111111111111111111111111111111100000
1111110011111111111111111111100000000
1111110000000000000000000000000000000
1111110000000000000000000000000000000
1111000000000000000000000000000000000
