000000000000000000000000000000000000000000000000000000000000000000000000000000000000000000000000000000000000000000000000000000000000000000000000000000
000000000000000000000000000000000000000000000000000000000000000000000000000000000000000000000000000000000000000000000000000000000000000000000000000000
000000000000000000000000000000000000000000000000000000000000000000000000000000000000000000000000000000000000000000000000000000000000000000000000000000
000000000000000000000000000000000000000000000000000000000000000000000000000000000000000000000000000000000000000000000000000000000000000000000000000000
000000000000000000000000000000000000000000000000000000000000000000000000000000000000000000000000000000000000000000000000000000000000000000000000000000
000000000000000000000000000000000000000000000000000000000000000000000000000000000000000000000000000000000000000000000000000000000000000000000000000000
000000000000000000000000000000000000000100000000000000000000000000000000000000000000000000000000000000000000000000000000000000000000000000000000000000
000000000000000000000000000000000000111100000000000000000000000000000000000000000000000000000000000000000000000000000000000000000000000000000000000000
000000000000000000000000000000001111111110000100000000000000000000000000000000000000000000000000000000000000000000000000000000000000000000000000000000
000000000000000000000000000000001111111111111111000000000000000000000000000000000000000000000000000000000000000000000000000000000000000000000000000000
000000000000000000000000000000011111111111111110000000000000000000000000000000000000000000000000000000000000000000000100000000000000000000000000000000
000000000000000000000000011100001111111111111110000000100000000000000000000000000000000000000001000000111001100111101111110000000000000000000000000000
000000000000000000000000111100001111111111111110000001100000000000000000000000000000000110010001000001111111111111111111110000000000000000000000000000
000000000000000000000001111100001111111111111110000001110000000000000000000000000000011111011111100011111111111111111111110000000000000000000000000000
000000000000000000000001111110001111111111111110000011100000000000000000000000000000011111111111111111111111111111111111111100001100000000000000000000
000000000000000000011111111111111111111111111111111111100000000000000000000000000000011111111111111111111111111111111111111100001111000000000000000000
000000000000000000111111111111111111111111111111111111100000000000000000000000000000011101111111111111111111111111111111111110111111000000000000000000
000000000000000001111111111111111111111111111111111100000000000000000000000000000000011000011111111111111111111111111111111111111111000000000000000000
000000000000000011111111111111111111111111111111111000000000000000000000000000000000000000011110011111111111111111111111111111111111000000000000000000
000000000000000011111111111111111111111111111111111000000000000000000000000000000000000000000110001111111111111111111111111111111111011100000000000000
000000000000000011111111111111111111111111111111111100000000000000000000000000000000000000000100001111111111111111111111111111111111111100000000000000
000110000000001111111111111111111111111111111111111110000000000000000000010000000000000000000100000111111111111111111111111111111111111100000000000000
000110000000001111111111111111111111111111111111111110000000000000000100011000000000000000001100000111111111111111111111111111111111111100000000000000
000011100000111111111111111111111111111111111111111100000000000000001111111000000000000000001100001111111111111111111111111111111111111111000000011000
000011111001111111111111111111111111111111111111111100000000000000001111111100000000000000000000001111111111111111111111111111111111111111100000011000
000011111001111111111111111111111111111111111111111000000000000000011111111110000000000000000000001111111111111111111111111111111111111111100011111000
000001111001111111111111111111111111111111111111111000000000000000111111111111000000000000000000001111111111111111111111111111111111111111100011111100
000001111111111111111111111111111111111111111111111111111110000000111111111111100000000000000001111111111111111111111111111111111111111111100111111100
000011111111111111111111111111111111111111111111111111111111000000111111111111110000000000001111111111111111111111111111111111111111111111111111111110
000111111111111111111111111111111111111111111111111110000111100000111111111111110000000000011111111111111111111111111111111111111111111111111111111110
000111111111111111111111111111111111111111111111111100000011100001111111111111110001100000111000011111111111111111111111111111111111111111111111111110
000111111111111111111111111111111111111111111111111100000001110111111111111111110011110001110000000011111111111111111111111111111111111111111111111110
000111001111111111111111111111111111111111111111111000000000111111111111111111111111111111100000000011111111111111111111111111111111111111111111111110
000111001111111111111111111111111111111111111111111000000000111111111111111111111111111111000000000011111111111111111111111111111111111111111111111110
000110001111111111111111111111111111111111111111111100000000001111111111111111111111111100000000000111111111111111111111111111111111111111111111111110
000110001111111111111111111111111111111111111111111100000000000111111111111111111111111100000000001111111111111111111111111111111111111111111111111110
000110000111111111111111111111111111111111111111111000000000000111111111111111111111111100000000001111111111111111111111111111111111111111111111111110
000000000111111111111111111111111111111111111111110000000000000111111111111111111111111110000000001111111111111111111111111111111111111111111111111100
000000000111111111111111111111111111111111111111110000000000001111111111111111111111111110000000001111111111111111111111111111111111111111111111111100
000000000111111111111111111111111111111111111111110000000000011111111111111111111111111111000000001111111111111111111111111111111111111111111111111000
000000000111111111111111111111111111111111111111110000000000111111111111111111111111111111100000000111111111111111111111111111111111111111111111111000
000000000111111111111111111111111111111111111111110000000000111111111111111111111111111111100000000111111111111111111111111111111111111111111111111000
000000000111111111111111111111111111111111111111110000000000111111111111111111111111111111110000000111111111111111111111111111111111111111111111110000
000000000111111111111111111111111111111111111111111000000000011111111111111111111111111111110000000011111111111111111111111111111111111111111111000000
000000000111111111111111111111111111111111111111111100000000011111111001111111001111111111110000000011111111111111111111111111111111111111111000000000
000000000111111111111111111111111111111111111111111110000000011111111001111110000111110011000000001111111111111111111111111111111111111111111000000000
000000001111111111111111111111111111111111111111111110000000001111110000111110000110000011000000001111111111111111111111111111111111111111111000000000
000000011111111111111111111111111111111111111111111110000000001111110000111110000000000000000000101101111111111111111111111111111111111111111100000000
000000001111111111111111111111111111111111111111111100000000001111100000011110000000000000000000111001111111111111111111111111111111111111101100000000
000000001111111111111111111111111111111111011111111100000000000111100000001110000000000000000001111000111111111111111111111111111111111111000100000000
000000001110011111111111111111111111111111011111100000000000000111100000001110000000000000000001110000111111111111111111111111111111111100000100000000
000000000000001111111111111111111111111111111111100000000000000111100000000000000000000000000001110000011111111111111111111111111111111100000000000000
000000000000011111111111111111111111111111111111000000000000000011000000000000000000000000000001000000011111111111111111111111111111111100000000000000
000000000000001111111111111111111111111111001111100000000000000010000000000000000000000000000001000000001111111111111111111111111111111100000000000000
000000000000001111111111111111111111111111001111110000000000000010000000000000000000000000000001000000001110000111111111111111111111111100000000000000
000000000000000111111111111111111111111111000011110000000000000000000000000000000000000000000000000000001100000111111111111111111111111000000000000000
000000000000001111111111111111111111111111000001110000000000000000000000000000000000000000000000000000000100000011111111111111111111111000000000000000
000000000000000111111111111111111111111111000000110000000000000000000000000000000000000000000000000000000000000001111111111111111111111000000000000000
000000000000000010011111111111111111111110000000010000000000000000000000000000000000000000000000000000000000000001111111111111111111111000000000000000
000000000000000000011111111111111111111111000000000000000000000000000000000000000000000000000000000000000000000000111111111111111111111000000000000000
000000000000000000000100111011111111111100000000000000000000000000000000000000000000000000000000000000000000000010011111111111001111111000000000000000
000000000000000000000000000011111111110000000000000000000000000000000000000000000000000000000000000000000000011111001111111100000111111000000000000000
000000000000000000000000000011111111111000110000000000000000000000000000000000000000000000000000000000000001111111011111111000000111111110000000000000
000000000000000000000000000000011111110001111000000000000000000000000000000000000000000000000000000000000000111111111111100000000000011100000000000000
000000000000000000000000000000000111110011111100000000000000000000000000000000000000000000000000000000000000111111111111100000000000001000000000000000
000000000000000000000000000000000011111111111110000000000000000000000000000000000000000000000000000000000001111111111111000000000000000000000000000000
000000000000000000000000000000000011111111111111000000000000000000000000000000000000000000000000000000000011111111111111000000000000000000000000000000
000000000000000000000000000000001111111111111111000000000000000000000000000000000000000000000000000000000111111111111111111000000000000000000000000000
000000000000000000000000000000011111111111111111000000000000000000000000000000000000000000000000000000000111111111111111111000000000000000000000000000
000000000000000000000000000111111111111111111111100000000000000000000000000000000000000000000000000000001111111111111111111000000000000000000000000000
000000000000000000000000000111111111111111111111100000000000000000000000000000000000000000000000000000001111111111111111111000000000000000000000000000
000000000000000000000000001111111111111111111111100000000000000000000000000000000000000000000000000000001111111111111111111000000000000000000000000000
000000000000000000000000001111111111111111111111000000000000000000000000000000000000000000000000000000000111111111111111111100000000000000000000000000
000000000000000000000000001111111111111111111110000000000000000000000000000000000000000000000000000000000011111111111111111100000000000000000000000000
000000000000000000000000011111111111111111111110000000000000000000000000000000000000000000000000000000000001111111111111111111000000000000000000000000
000000000000000000000000011111111111111111111100000000000000000000000000000000000000000000000000000000000001111111111111111111100000000000000000000000
000000000000000000000000111111111111111111111100000000000000000000000000000000000000000000000000000000000001111111111111111111110000000000000000000000
000000000000000000000000111111111111111111111100000000000000000000000000000000000000000000000000000000000000111111111110011111111000000000000000000000
000000000000000000000001111111111111111111111100000000000000000000000000000000000000000000000000000000000000111111111010001111111110000110000000000000
000000000000000000000001111111111111111111111100110000000000000000000000000000000000000000000000000000000000111111111000000111111110001110000000000000
000000000000000000000001111111111111111111111101111000000000000000000000000000000000000000000000000000000001111111111000000001111111001100000000000000
100000000000000000000001111111111111111111111111111000000000000000000000000000000000000000000000000000000011111111111000000000111111111110000000000000
110000000000000000000001111111111111111111111111111100000000000000000000000000000000000000000000000011111111100111111000000000011111111100000000000000
111000000000000000000001111111111111111111110011111100000000000000000000000000000000000000000000000111111111000111100000000000011111111100000000000000
111000000110000010100011111111111111111111111001111110000000000000000000000000000000000000000000001110000000000111100000000000001111111100111000000000
101000001111100111111111111111111111111111111000011111100000000000000000000000000000000000000000011100000000000000100000000000001111111100111000000000
100100110011101111111111111111111111111111111000001111110000000000000000000000000000000000000000111000000000000000000000000000011111111111111000000000
000101110011111111111111111111111111111111111100000011111000000000000000000000000000000000000001110000000000000000000000000000111111111111111000000000
000111111111111111111111111111111111111111111100000001111100000000000000000000000000000000000011100000000000000000000000011111111111111111111000000000
000011111111111111111111111111111111111111111000000000111100000000000000000000000000000000000011000000000000000000000000011111111111111111111000000000
000011111111111111111111111111111111111111110000000000011110000000000000000000000000000000000111000000000000000000000001111111111111111111110000000000
000011111111111111111111111111111100001111100000000000001111000000000000000000000000000000001110000000000000000000000001111111111111111111110000000000
000011111111111111111111111111111100001111100000000000000111000000000000000000000000000000011100000000000000000000000000111111111111111111110000000000
000001111111111111111111111111111000000111100000000000000011100000000000000000000000000000011000000000000000000000000001111111111111111111110000000000
000001111111111111111111111111111000000111000000000000000001110000000000111100000000000000110000000000000000000000000001111111111111111111110000000000
000001111111111111111111111111111000000000000000000000000001111000000001111110000000000001110000000000000000000000000000011111111111111111110000000000
000000111111111111111111111111111100000000000000000000000000111000000011111111000000000001100000000000000000000000000000111111111111111111111000000000
000000111111111111111111111111111110000000000000000000000000111100000111111111110000011011100000000000000000000000000001111111111111111111111100000000
000000111111111111111111111111111111000000000000000000000000011111111111111111111111111111100000000000000000000000000001111111111111111111111100000000
000000111111111111111111111111111111000000000000000000000000011111111111111111111111111111100000000000000000000000000001111111111111111111111100000000
000000011111111111111111111111111111000000000000000000000000111111111111111111111111111111100000000000000000000000000011111111111111111111111100000000
000000011111111111111111111111111110000000000000000000000000111111111111111001111111111111100000000000000000000000000001111111111111111111111111000000
000000011111111111111111111111111110000000000000000000000001111111111111110001111111111111100000000000000000000000000001111111111111111111111110000000
000000000111111111111111111111111110000000000000000000000001111111111111100000111111111111110000000000000000000000000011111111111111111111111110000000
000000000111111111111111111111111110000000000000000000000001111111111111000000011111111111111000000000000000000000000001111111111111111111111110000000
000000000011111111111111111111111110000000000000000000000011111111111111000000011111111111111000000000000000000000000001111111111111111111111110000000
000000000011111111111111111111111110000000000000000000000111111111111111100000011111111111111100000000000000000000000000111111111111111111111110000000
000000000011111111111111111111111111000000000000000000001111111111111111100000000111111111111100000000000000000000000000111111111111111111111110000000
000000000011111111111111111111111110000000000000000000001111111111111111100000000110111111111110000000000000000000000000111111111111111111111110000000
000000000011111111111111111111111111000000000000000000000111111111110100000000000100111111111100000000000000000000000011111111111111111111111111000000
000000000011111111111111111111111111000000000000000000001111111111100000000000100000111111111100000000000000000000000011111111111111111111111100000000
000000000001111111111111111111111111000000000000000000001111111111100000000001100000111111111100000000000000000000000011111111111111111111111100000000
000000000001111111111111111111111110000000000000000000011111111111110000111001100000111111111100000000000000000000000011111111111111111111111100000000
000000000001111111111111110001111100000000000000000000011111111111110000111001110000111111111100000000000000000000000011111111111111111111111100000000
000000000000111111111111110001111100000000000000000000001011111111110001111001110000111111111100000000000000000000000111111111111111111111111100000000
000000000000111111111111110001111000000000000000000000001111111111111001110001111001111111111110000000000000000000000111111111111111111111110000000000
000000000000111111111111110000110000000000000000000000000111111111111111100000111011111111111111000000000000000000000011111111111111111111110000000000
000000000000011111111111110000000000000000000000000000000111111111111111100000111111111111111110000000000000000000000001111111111101111111110000000000
000000000000001111111111110000000000000000000000000000001111111111111111100000011111111111111110000000000000000000000000111111111000111111110000000000
000000000000000111111111110000000000000000000000000000001111111111111111100000011111111111111110000000000000000000000000011100010000011111100000000000
000000000000000111111111111000000000000000000000000000001111111111111111110000111111111111111010000000000000000000000000011100000000000111100000000000
000000000000000111111111111000000000000000000000000000000111111111111111111001111111111111110010000000000000000000000000011000000000000111000000000000
000000000000000111111111100000000000000000000000000000000011111111111111111111111111111110010000000000000000000000000000000000000000000111000000000000
000000000000001111111111100000000000000000000000000000000001110111111111111111111111111110000000000000000000000000000000000000000000000111000000000000
000000000000011111111111100000000000000000000000000000000000100111111111111111111111111110000000000000000000000000000000000000000000001111100000000000
000000000000011111111111110000000000000000000000000000000000000111111111111111111111111110000000000000000000000000000000000000000000001111100000000000
000000000000111111111110000000000000000000000000000000000000000111111111111111111111111111000000000000000000000000000000000000000000001111110000000000
000000000001111111111100000000000000000000000000000000000000000110111111111111111111111111000000000000000000000000000000000000000000000111110000000000
000000000001111111111000000000000000000000000000000000000111111110011111111111100100000111110000000000000000000000000000000000000000000111110000000000
000000000000011100000000000000000000000000000000000000001111111110011111111100100100000001111100000000000000000000000000000000000000000111111000000000
000000000000001100000000000000000000000000000000000000111111000110001111100000000000000000011110000000000000000000000000000000000000000111111110000000
000000000000011100000000000000000000000000000000000001111000000000001111100000000000000000000111100000000000010000000000000000000000000111111100000000
000000000000111000000000000000000000000000000000000011100000000000000110000000000000000000000011110000000011111000000000000000000000000111111000000000
000000000000111000000000000000000000000000000000000011000000000000000000000000000000000000000001111000010011111100000000000000000000000001111000000000
000000000001110000000000000000000000000000000000000110000000000000000000000000000000000000000000111100011111111100000000000000000000000011111000000000
000000000001110000000000000000010111000000000000001100000000000000000000000000000000000000000000011100111111111110000000000000000000000011110000000000
000000000001110000000000000000011111100000000000011100000000000000000000000000000000000000000000001110111111110000000000000000000000000111000000000000
000000000000100000000000000000111111111111000000111000000000000000000000000000000000000000000000000111000111100000000001000000000000000111000000000000
000000000011100000000000000011111111111111000001110000000000000000000000000000000000000000000000000011100111000000000011111000000000011110000000000000
000000000011100000000000000011111111111111100011100000000000000000000000000000000000000000000000000001100111000000000111111100000000111110000000000000
000000000111111111000000000111111111111111111111000000000000000000000000000000000000000000000000000001110111000000111111111110000111111110000000000000
000000011111111111000111111111111111111111111110000000000000000000000000000000000000000000000000000000111111000000111111111111000111111110000000000000
000000101111111111100111111111111111111111111110000000000000000000000000000000000000000000000000000000011111100001111111111111101111111100000000000000
000000011111111111111111111111111111111111111100000000000000000000000000000000000000000000000000000000011111111011111111111111111111111100000000000000
000000011111111111111111111111111111111111111100000000000000000000000000000000000000000000000000000000011111111111111111111111111111111100000000000000
000000111111111111111111111111111111111111111100000000000000000000000000000000000000000000000000001000011111111111111111111111111111111000000000000000
000000011111111111111111111111111111111111111110000100000000000000000000000000000000000000000000111001111111111111111111111111111111111000000000000000
000000001111111111111111111111111111111111111111100100000000000000000000000000000000000000000000111001111111111111111111111111111111111000000000000000
000000001111111111111111111111111111111111111111111100000000000000000000000000000000000000000000111111111111111111111111111111111111111000000000000000
000000001111111111111111111111111111111111111111111110000000000000000000000000000000000000000000111111111111111111111111111111111111111100000000000000
000000000111111111111111111111111111111111111111111111000000000000000000000000000000000000000000111111111111111111111111111111111111111100000000000000
000000000111111111111111111111111111111111111111111111100000000000000000000000000000000000000001111111111111111111111111111111111111111110000000000000
000000000111111111111111111111111111111111111111111111110000000000000000000000000000000000000000011111111111111111111111111111111111111110000000000000
000000000111111111111111111111111111111111111111111111111000000000000000000000000000000000000000011111111111111111111111111111111111111100000000000000
000000001111111111111111111111111111111111111111111111111100000000000000000000000000000000000000011111111111111111111111111111111111111100000000000000
000000000111111111111111111111111111111111111111111111111000000000000000000000000000000000000000111111111111111111111111111111111111111111100000000000
000000000111111111111111111111111111111111111111111111110000000000000000000000000000000000000111111111111111111111111111111111111111111111100000000000
000000000111111111111111111111111111111111111111111111100000000000000000000000000000000000000101111111111111111111111111111111111111111111000000000000
000000001111111111111111111111111111111111111111111111100000000000000000000000000000000000000001111111111111111111111111111111111111111111000000000000
000000011111111111111111111111111111111111111111111100000000000000000000000000000000000000000011111111111111111111111111111111111111111111000000000000
000001111111111111111111111111111111111111111111111000000000000000000000000000110000000000000011111111111111111111111111111111111111111111000000000000
000001111111111111111111111111111111111111111111110000000000000000000000000000110000000000000001111111111111111111111111111111111111111111000000000000
000001011111111111111111111111111111111111111111110000000000000000011000100101100000000000000000111111111111111111111111111111111111111111000000000000
000000001111111111111111111111111111111111111111100000000000000011111111111111110010000000000000010011111111111111111111111111111111111111000000000000
000000001111111111111111111111111111111111111111100000000000000111111111111111111110000000000000000011111111111111111111111111111111111111110000000000
000000011111111111111111111111111111111111111111111111100000000111111111111111111111100000000000111111111111111111111111111111111111111111100000000000
011111111111111111111111111111111111111111111110111111110000001111111111111111111111100000000001111111111111111111111111111111111111111111100000000000
001111111111111111111111111111111111111111111110010001110000001111111111111111111111110000000011100011111111111111111111111111111111111111000000000000
000111111111111111111111111111111111111111111110000000111000111111111111111111111111110000000111000001111111111111111111111111111111111110000000000000
000111110111111111111111111111111111111111111100000000011111111111111111111111111111111110001110000000111111111111111111111111111111111100000000000000
000011100011111111111111111111111111111111111110000000001111111111111111111111111111111111111100000000011111111111111111111111111111111000000000000000
000001100001111111111111111111111111111111111110000000000001111111111111111111111111111111111000000000011111111111111111111111111111111000000000000000
000001000001111111111111111111111111111111111110000000000001111111111111111111111111111111110000000000011111111111111111111111111111111000000000000000
000001000001111111111111111111111111111111111100000000000001111111111111111111111111111111110000000000011111111111111111111111111111111000000000000000
000000000000011111111111111111111111111111111100000000000001111111111111111111111111111111110000000000011111111111111111111111111111111000000000000000
000000000000011111111111111111111111111111111111100000000001111111111111111111111111111111110000000000111111111111111111111111111111110000000000000000
000000000000011111111111111111111111111111111111100000000001111111111111111111111111111111111000000000111111111111111111111111111111100000000000000000
000000000000001111111111111111111111111111111111000000000011111111111111111111111111111111111000000000111111111111111111111111111111100000000000000000
000000000000001111111111111111111111111111111110000000000011111111111111111111111111111111111000000000111111111111111111111111111111100000000000000000
000000000000001111111111111111111111111111111110000000000111111111111111111111111111111111111000000000011111111111111111111111111111100000000000000000
000000000000001111111111111111111111111111111000000000000111111111111111111111111111111111111000000000011111111111111111111111111111100000000000000000
000000000000001111111111111111111111111111111000000000011111111111111111111111111111111111110000000000011001111111111111111111111111100000000000000000
000000000000001111111111111111111111111111111000000000111111111111111111111111111111111111110000000000001001111111111111111111111111100000000000000000
000000000000001111111111111111111111111111111000000001111111111111111111111111111111111111100000000000001001111111111111111101111111100000000000000000
000000000000001111111111111111111111111111111000000000001011111111111111111111111111111111100000000000001111111100111111111101111111100000000000000000
000000000000000111111111111111111111111111111100000000000011111111111111111111111111111101100000000000000111110000111111111101111111100000000000000000
000000000000000111111111111111111111111111111100000000000001111111111111111111111111110000000000000000000111110000111111111000111111000000000000000000
000000000000000111111111111111111111111111111100000000000011111111111101111111111111110000000000000000000110110000011111111000111111000000000000000000
000000000000000111111111111111111111111111111100000000000111111111111101111111111111100000000000000000000000110000011111110000000000000000000000000000
000000000000000111111111111111111111111111111100000001000111111111111000111111111111110000000000000000000000100000011111110000000000000000000000000000
000000000000000111111111111111111111110000111000000011001111111111110000111111111111111000110000000000000000000000111111100000000000000000000000000000
000000000000000110011111111111111111000000010000000011111111111111100000111111111111111101100000000000000000000000111111100000000000000000000000000000
000000000000000000011111111111111111000000010000000011111111111111100000111111111111111111100000000000000000000000011111100000000000000000000000000000
000000000000000000001111111111111110000000000000000111111111111111100001111111111111111111110000000000000000000000001111100000000000000000000000000000
000000000000000000011111111111111110000000000000000011111001111111110111111111111111111111111110000000000000000000000111100000000000000000000000000000
000000000000000000011111111111111110000000000000000001111001111111111111111111111111111111111110001110000000000000000011100000000000000000000000000000
000000000000000000011111111111100110000000000000000000111001111111111111111111111111111111111111111110000000000000000011100000000000000000000000000000
000000000000000000111111111111000000000000000000000000111111111111111111111111111111111111111111111110000000000000000011100000000000000000000000000000
000000000000000000011111111110000000000000000000000000111110011111111111111111111111111111111111111100000000000000000011110000000000000000000000000000
000000000000000000001011111100000000000000000000000000011100001111111111111111111111111111111111111100000000000000000011100000000000000000000000000000
000000000000000000000000111100000000000000000000000000011100001111111111111111111111111111111111111000000000000000000011000000000000000000000000000000
000000000000000000000000111100000000000000000000000000010000001111111111111111111111111111111111110000000000000000000000000000000000000000000000000000
000000000000000000000000000000000000000000000000000000000000001111111111111111111111111111111111110000000000000000000000000000000000000000000000000000
000000000000000000000000000000000000000000000000000000000000000111111111111111111111111111111111100000000000000000000000000000000000000000000000000000
000000000000000000000000000000000000000000000000000000000000000111111111111111111001111111111111000000000000000000000000000000000000000000000000000000
000000000000000000000000000000000000000000000000000000000000000011111111111111110000111111111001000000000000000000000000000000000000000000000000000000
000000000000000000000000000000000000000000000000000000000000000000001111100111100000111111111000000000000000000000000000000000000000000000000000000000
000000000000000000000000000000000000000000000000000000000000000000000011000001100000001111111000000000000000000000000000000000000000000000000000000000
000000000000000000000000000000000000000000000000000000000000000000000000000000000000001111000000000000000000000000000000000000000000000000000000000000
000000000000000000000000000000000000000000000000000000000000000000000000000000000000000000000000000000000000000000000000000000000000000000000000000000
000000000000000000000000000000000000000000000000000000000000000000000000000000000000000000000000000000000000000000000000000000000000000000000000000000
000000000000000000000000000000000000000000000000000000000000000000000000000000000000000000000000000000000000000000000000000000000000000000000000000000
000000000000000000000000000000000000000000000000000000000000000000000000000000000000000000000000000000000000000000000000000000000000000000000000000000
000000000000000000000000000000000000000000000000000000000000000000000000000000000000000000000000000000000000000000000000000000000000000000000000000000
000000000000000000000000000000000000000000000000000000000000000000000000000000000000000000000000000000000000000000000000000000000000000000000000000000
000000000000000000000000000000000000000000000000000000000000000000000000000000000000000000000000000000000000000000000000000000000000000000000000000000
000000000000000000000000000000000000000000000000000000000000000000000000000000000000000000000000000000000000000000000000000000000000000000000000000000
000000000000000000000000000000000000000000000000000000000000000000000000000000000000000000000000000000000000000000000000000000000000000000000000000000
000000000000000000000000000000000000000000000000000000000000000000000000000000000000000000000000000000000000000000000000000000000000000000000000000000
000000000000000000000000000000000000000000000000000000000000000000000000000000000000000000000000000000000000000000000000000000000000000000000000000000
000000000000000000000000000000000000000000000000000000000000000000000000000000000000000000000000000000000000000000000000000000000000000000000000000000
000000000000000000000000000000000000000000000000000000000000000000000000000000000000000000000000000000000000000000000000000000000000000000000000000000
000000000000000000000000000000000000000000000000000000000000000000000000000000000000000000000000000000000000000000000000000000000000000000000000000000
000000000000000000000000000000000000000000000000000000000000000000000000000000000000000000000000000000000000000000000000000000000000000000000000000000
000000000000000000000000000000000000000000000000000000000000000000000000000000000000000000000000000000000000000000000000000000000000000000000000000000
