00000000011000000001111111111111111111111111111111
00000000011100000001111111111111111111111111111111
00000000011110000001111111111111111111111111111111
00000000010011000001111111111111111111111111111111
00000000010011000001111111111111111111111111111111
00000000011111000001111111111111111111111111111111
00000001011110000001111111111111111111111111111111
00000001111100000001111111111111110111111111111111
00000101111000000001111111111111111111111111111111
00000111110000000001111111111111011111100111111111
00000111100000000001111111111100011110000000111111
01111111000000000001111111111001111110000000011111
01111110000000000001111111111001111110000000011111
01111110000000001111111111110011111111100000011111
01111110000000011111111111110111111111110001111111
11111111000000111111111111110111111111110001111111
11111111000000111111111111110011111111111111111111
11011111100001111111111111110011111111111111111111
10011111100011111111111111110011111111111111101111
00001111110011111111111111111000111111111111111111
00001111110011111111111111111000111111111111111111
00001111111011111111111111111001111111111110001111
00001111111001111111111111111011111111111110001111
00000111111101111111111111110011111011111100001111
00000011111100111100011111000011111011111100001111
00000011111110101100011101000111111000000000001111
00000001111110001100011100001111000000000000001111
00010001111111001111111100011110000000000000001111
00011000111111111111111100111100000000000000001111
01111100111111111111111111111000000000000000001111
11111100011111111111111111110000000000000000001111
11111111011111111111111111100000000000000000001111
11111111011111111111111111100000000000000000011111
11111111101111111111111111111100000000000000111111
11111111111111111111111111111100000000000000111111
11111111111111111111111111111100000000000000111111
11111111111111111100111111111100000000000001111111
11111110011111111100111111111100000000000001111111
11111110011111111111111111111100000000000001111111
11111111111111111111111111111100000000000011111111
11111111111111111111111111111000000000000011111111
11111111100111111111111111111000000000000011111111
11111111100111111111111111111000000000000011111111
11111111100111111111111111111100000000000011111111
11111111001110011111111111111110011000000011111111
11111111001100011111111111111111111100000011111111
00000000011100011111111111110011111111000111111111
00000000011000011101111101110011111111000111111111
00111000111000000001111001111111111111100011111111
01111100110011110000110001111111111111110011111111
11111101110011111110000111011111111000110011111111
11111111100011111110101110011111110000110011111111
11111111100011111111111100111111100000110000000000
11111111100011111111111000001111110001111000000000
10011111110011111111110000000111111011111111111000
00001111110011111111110000000001111111111111111100
00000111110011111111111000000001101111111111111110
11000111100111111111111100000000000111111111101110
11101111100111111111111111001010000011111111001111
11111111100111111111111111111110000011111110001111
11111111001111111111111111111111111011111000001111
11111100001111111111111111111111111011100000011111
11110100001111111111111111111111111011000000111101
11100000011111111111111111111111111011100101111101
00000000111111111111111111111111111011111111111111
00001111111111111111111110000111111111111111111111
11111111111111111111111110000111111111111111111111
11111111111111111111111110000011111111111111111111
11111111111111111111111111000000000000011111111111
11111111111111111111111111100000000000011111111111
11111111111111111111111111100000000000000111111110
11111111111111111111111111101000000000000011111110
11111111111111111111111111111000000000000001111111
11111111111111111111111111111100000000000001111111
11111111111111111111111111111100000000000001111111
