000000000000000000000000000000
000000000000000000000000000000
000000000000000000000000000000
000000000000000000000000000000
000000000000000000000111100000
000000000000000000000111110000
000000000000000000001111111000
000000000000000000011111111000
000000000000000000011111111000
000000000000000000111111111000
000000000100001111111111111000
000000000111111111111111111000
000000000111111111111111111100
000000001111111111111111111100
000000001111100000000000000000
000000011111000000000000000000
000000011110000000000000000000
000000011110000000000000000000
000000001111000000000000000000
000000001111000000000000000000
000000000111100000000000000000
000000000111100000000000000000
000000000011110000001111111000
000000000011110000001111111000
110000000001111000001111111000
111000000000111000001111111000
111111000000011100001111111000
011111000000001110001111110000
011111000000001111111111110000
011111110000000111111111100000
111111110000000011111111000000
111111110000000011111100000000
111111110000000011111100000000
111111111000000000111100000000
111111111000000000111000000000
111111111000000000111000000000
111111111100000001110000000000
111111111100000011100000000000
111111111111111111000000000000
111111111111111111000000000000
111111111111111110000000000000
011111111111111110000000000000
011111111111111111110000000000
000000000000011111110000000000
000000000000011111110000000000
