00000000000000000000000000000000000000000000000000000000000000
00000000000000000000000000000000000000000000000000000000000000
00000000000000000000000000000000000000000000000000000000000000
00000000000000000000000000000000000000000000000000000000000000
00000000000000000000000000000000000000000000000000000000000000
00000000000000000000000000000000000000000000000000000000000000
00000000000000000000000000000000000000000000000000000000000000
00000000000000000000000000000000000000000000000000000000000000
00000000000000011100000111000000000000000000000000000000000000
00000000000000011111111111100000000000000000000000000000000000
00000000000011111111111111100000000000000000000000000000000000
00000011100011111111111111100000000000000000000000000001100000
00000011100011111111111111100000000000000000000000001111110000
00001111100001111111000111100000000000000000000000011111110000
00111111110000111111001111100000000000000000000000011111110000
00111111111000100000001111100000000000000001111111111111111100
00111111111000000000001111100000000000000001111111111111111110
00111111111000000000001111100000000000011111111111111111111110
00111111111111000000001111100000000000011111111111111111111110
00111111111111000000001111100000000000011111111111111111111110
00111111111111100110111111100000000000011111111111111111111110
00111111111111100111111111100000000000011111111111111111111110
00111111111111111111111111000000000000011111111111111111111110
00111111111111111111111111000000000000011111111111111111111110
00111111111111111111111111000000000000011111111111111111111110
00111111111111111111111111000000000000011111111111111111111110
00111111111111111111111111111000000000011111111111111111111110
00111111111111111111111111111110000011111111111111111111001110
00111111111111111111111111111110000011111111111111110000000010
00111111111111111111111111111111000011111111111111110000000010
00111111111111111111111111111111100111111111111111000000000000
00111111111111000001111111111111111111111111111111000000000000
00111111111100000000111111111111111111111111111111000000000000
00111111111000000000011111111111111111111111111111000000000000
00111111110000000000001111111111111111111111111111000000000000
00111111110000000000000111111111111111111111111111000000000000
00111111100000000000000011111111111111111111111100000000000000
00111111000000000000000011111111111111100000000000000000000000
00111110000000000000000011111111111111100000000000000000000000
00000000000000000000000011111111111111000000000000000000000000
00000000000000000000000011111111111111000000000000000000000000
00000000000000000000000011111111111111110000000000000000000000
00000000000000000000000011111111111111111000000000000000000000
00000000000000000000000011111111111111111000000000000000000000
00000000000000000000000011111111111111111000000000000000000000
00000000000000000000000011111111111111111000000000000000000000
00000000000000000000000011111111111111111000000000000000000000
00000000000000000000000011111111111111111000000000000000000000
00000000000000000000000011111111111111111000000000000000000000
00000000000000000000000011111111111111111000000000000000000000
00000000000000000000000011111111111111111000000000000000000000
00000000000000000000000011111111111111111111111111110000000000
00000000000000000000000111111111111111111111111111110000000000
00000000000000000000000111111111111111111111111111110000000000
00000000000000000000011111111111111111111111111111111111111100
00000000000000000000011111111111111111110011111111111111111110
00000000000000000000011111111111111110000001111111111111111110
00000000000000000001111111111111111110000000111111111111111110
00000000000000000111111111111111111100000000011001111111111110
00000000000000001111111111111111111100000000000000111111111110
00000000000000011111111111111111111100000000000000011111111110
00000000000000011111111111100111111100000000000000001111111110
00000000000010011111111111100111111100000000000000000111111110
00000000000011111111111111000111111100000000000000000011111110
00000000000111111111111111000111111100000000000000000001111110
00000000011111111111111111000111111100000000000000000000111110
00000011111111111111111111111111111100000000000000000000011110
00000011111111111111111111111111111100000000000000000000001110
00000011111111111111111111111111111100000000000000000000001110
00001111111111111111111111111111111100000000000000000000001110
00111111111111111111111111111111111100000000000000000000000110
00111111111111111111111111111111111110000000000000000000000110
00111111111111111111111111111111111111100000000000000000000110
00111111111111111111111111111111111111111000000000000000000010
00111111111111111111111111111111111111111100000000000000000000
00111111111111111111111111111111111111111100000000000000000000
00111111111111111111111111111111111111111111000000000000000000
00111111111111111111111111111111111111111111000000000000000000
00111111111111111111111111111111111111111111100000000000000000
00111111111111111111111111111111111111111111110000000000000000
00111111111111111111111111111111111111111111110000000000000000
00111111111111111111111111111111111111111111110000000000000000
00111111111111111111111111111111111111111111111000000000000000
00111111111111111111111111111111111111111111111100000000000000
00111111111111111111100111111111111111111111111100000000000000
00011111111111111110000000111111111111111111111110000000000000
00001111111111111100000000011111111111111111111111000000000000
00000111111111111000000000001111111111111111111111000000000000
00000011111111111000000000000111111111111111111111110000000000
00000001111111111000000000000111111111111111111111110000000000
00000000111111111000000000000111111111111111111111110000000000
00000000000000000000000000000000000000000000000000000000000000
00000000000000000000000000000000000000000000000000000000000000
