000000000000000000000000000000000000000000000000000000000000000000000000000000000000000000000
000000000000000000000000000000000000000000000000000000000000000000000001111111110011100000000
000000000000000000000000000000000000000000000000000000000000000000000011111111111111100000000
000000000000000000000000000000000000000000000000000000000000000000011111111111111111100000000
000000000000000000000000000000000000000000000000000000000000000001111111111111111111100000000
000000000000000000000000000000000000000000000000000000000000000011111111111111111111000000000
000000000000000000000000000000000000000000000000000000000000000111111111111111111111000000000
000000000000000000000000000000000000000000000000000000000000000111111111111111111111000000000
000000000000000000000000000000000000000000000000000000000000000111111111111111111111000000000
000000000000000000000000000000000000000000000000000000000000000111111111111111111111000000000
000000000000000000000000000000000000000000000000000000000000000011111111111111111111000000000
000000000000000000000000000000000000000000000000000000000000000011111111111111111111000000000
000000000000001111111000000000000000000000000000000000000000000111111111111111111111000000000
000000000000011111111111000000000000000000000000000000000000000111111111111111111111110000000
000000011111111111111111100111111000000000000000000000000000001111111111111111111111110000000
000011111111111111111111111111111100000000000000000000000000001111111111111111111111111000000
000011111111111111111111111111111100000000000000000000000000000111111111111111111111111000000
000011111111111111111111111111111100000000000000000000000000000111111111111111111111111100000
000011111111111111111111111111111100000000000000000000000000001111111111111111111111111000000
000011111111111111111111111111111110000000000000000000000000001111111111111111111111111000000
000111111111111111111111111111111110000000000000000000000000000000111111111111111111111000000
001111111111111110000111111111111111000000000000000000000000000000111111111111111111111000000
001111111111111110000011111111111111000000000000000000000000000000111111111111111111111100000
001111111111111110000011111111111111100000000000000000000000000000011111111111111111111100000
011111111111111100000011111111111111100000000000000000000000000000001111111111111111111100000
011111111111111100000011111111111111110000000000000000000000000000001111111111111111111100000
011111111111111110000011111111111111110000000000000000000000000000001111111111111111111100000
011111111111111110000111111111111111110000000000000000000000000000001111111111111111111100000
011111111111111111111111111111111111110000000000000000000000000000000111111111111111111000000
011111111111111111111111111111111111110000000000000000000000000000000111111111111111111000000
011111111111111111111111111111111111110000000000000000000000000000000111111111111111111000000
011111111111111111111111111111111111111000000000000000000000000000000111111111111111100000000
011111111111111111111111111111111111111000000000000000000000000000000111111111111111100000000
011111111111111111111111111111111111110000000000000000000000000000000001111111111111000000000
011111111111111111111111111111111111110000000000000000000000000000000000111111111111000000000
011111111111111111111111111111111111110000000000000000000000000000000000111111111110000000000
001111111111111111111111111111111111100000000000000000000000000000000000011111111100000000000
001111111111111111111111111111111111000000000000000000000000000000000000011111111100000000000
001111111111111111111111111111111111000000000000000000000000000000000000000111111100000000000
000000011111111111111111111111111111000000000000000000000000000000000000000111111100000000000
000000011111111111111111111111111111000000000000000000000000000000000000000011111110000000000
000000011111111111111111111111111111000000000000000000000000000000000000000001111110000000000
000000011111111111111111111111101110110000000000000000000000000000000000000001111111000000000
000000011111111111111111111110001111110000000000000000000000000000000000000000111111000000000
000000000111111111111111110000000111111000000000000000000000000000000000000000111111000000000
000000000111111111111110000000000111111100000000000000000000000000000000000001111111000000000
000000000011111110000000000000000011111100000000000000000000000000000000000011111111000000000
000000000000111110000000000000000001111110000000000001000000000000000000000011111111100000000
000000000000000000000000000000000000111110000000001111100000000000000000000011111111100000000
000000000000000000000000000000000000111111001111111111110000000000000000000011111111100000000
000000000000000000000000000000000000111111011111111111110000000000000000000111111101100000000
000000000000000000000000000000000000011111011111111111110000000000000000000111111100000000000
000000000000000000000000000000000000011111111111111110000000000000000000000111111100000000000
000000000000000000000000000000000000011111111111111110000000000000000000001111111000000000000
000000000000000000000000000000000000001111111111111100000000001100000000001111111000000000000
000000000000000000000000000000000000001111111111111100000000111110000000001111111000000000000
000000000000000000000000000000000000001111111111111100000011111111000000011111111100000000000
000000000000000000000000000000000000001111111111111100000111111111101110011111110000000000000
000000000000000000000000000000000000000111111111111110000111111111111110111111110000000000000
000000000000000000000000000000000000000111111111111111111111111111111110111111110000000000000
000000000000000000000000000000000000000111111111111111111111111111111111111111110000000000000
000000000000000000000000000000000000000011111111111111111111111111111111111111100000000000000
000000000000000000000000000000000000000011111111111111111111111111111111111111100000000000000
000000000000000000000000000000000000000011111111111111111111111111111111111111100000000000000
000000000000000000000000000000000000000011111111111111111111111111111111111111100000000000000
000000000000000000000000000000000000000011111111111111111111111111111111111111100000000000000
000000000000000000000000000000000000000001111111111111111111111111111111111111110000000000000
000000000000000000000000000000000000000001111111111111111111111111111111111111110000000000000
000000000000000000000000000000000000000001111111111111111111111111111111111111111000000000000
000000000000000000000000000000000000000001111111111111111111111111111111111111111000000000000
000000000000000000000000000000000000000011111111111111111111111111111111111111111100000000000
000000000000000000000000000000000000000011111111111111111111111111111111111111111110000000000
000000000000000000000000000000000000000111111111111111111100000011111111111111111110000000000
000000000000000000000000000000000000000111111111111111111100000011111111111111111100000000000
000000000000000000000000000000000000000011111111111111111100000011111111111111111100000000000
000000000000000000000000000000000000000011111111111111111100000011111111111111111100000000000
000000000000000000000000000000000000000000111111111111111100000011111111111111111110000000000
000000000000000000000000000000000000000000011111111111111110000111111111111111111110000000000
000000000001100000000111000000000000000000011111111111111111111111111111111111111110000000000
000000000111111000000111000000000000000000011111111111111111111111111111111111111110000000000
000000001111111111111111111000000000000000011111111111111111111111111111111111111110000000000
000000011111111111111111111000000000000001111111111111111111111111111111111111111110000000000
000000011111111111111111111100000000000001111111111111111111111111111111111111111100000000000
000000011111111111111111111111000000000111111111111111111111111111111111111111111000000000000
000000011111111111111111111111000000011111111111111111111111111111111111111111110000000000000
001111111111111111111111111111110000111111111111111111111111111111111111111111110000000000000
001111111111111111111111111111111111111111111111111111111111111111111111111111110000000000000
001111111111111111111111111111111111111111111111111111111111111111111111111111110000000000000
001111111111111111111111111111111111111111111111111111111111111111111111111111100000000000000
001111111111111111111111111111111111111111111111111111111111111111111111111111100000000000000
000111111111111111111111111111111111111111111111111111111111111111111111111111000000000000000
000111111111111111111111111111111111111111110011111111111111111111111111111110000000000000000
000111111111111111111111111111111111100000000011111111111111111111111111111110000000000000000
000111111111111111111111111111111111100000000011111111111111111111111111111110000000000000000
001111111111111111111111111111111111100000000000111111111111111111111111111120000000000000000
001111111111111111111111111111111111100000000000111111111111111111111111111120000000000000000
001111111111111111111111111111111111110000000000111111111111111111111111111111000000000000000
001111111111111111111111111111111111110000000000111111111111111111111111111111100000000000000
001111111111111111111111111111111111110000000000001111111111111111111111111111100000000000000
001111111111111111111111111111111111110000000000001111100011111111111111111111100000000000000
000111111111111111111111111111111111110000000000000110000001111111111111111111100000000000000
000111111111111111111111111111111111110000000000000110000001111111111111111111100000000000000
000111111111111111111111111111111111110000000000000000000001111111111111111111100000000000000
000111111111111111111111111111111100000000000000000000000001111111111111111111100000000000000
001111111111111111111111111111111100000000000000000000000000111111111111111111100000000000000
001111111111111111111111111111111100000000000000000000000000111111111111111111100000000000000
011111111111111111111111111111111110000000000000000000000000111111111111111111100000000000000
011111111111111111111111111111111110000000000000000000000000111111111111111111100000000000000
011111111111111111111111111111111110000000000000000000000000011111111111111111100000000000000
011111111111111111111111111111111110000000000000000000000000011111111111111111100000000000000
011111111111111111111111111111111111111110000000000000000000001111111111111111100000000000000
011111111111111111111111111111111111111110000000000000000000001110000000000000000000000000000
011111111111111111111111111111111111111110000000000000000000001110000000000000000000000000000
011111111111111111111111111111111111111110000000000000000000000000000000000000000000000000000
000111111111111111111111111111111111111110000000000000000000000000000000000000000000000000000
000111111111111111111111111111111111111110000000000000000000000000000000000000000000000000000
000001111111111111111111111111111111111100000000000000000000000000000000000000000000000000000
000001111111111111111111111111111111111100000000000000000000000000000000000000000000000000000
000001111111111111111111111111111111111000000000000000000000000000000000000000000000000000000
000001111111111111111100000011111111111000000000000000000000000000000000000000000000000000000
000000001111111111111100000011111111110000000000000000000000000000000000000000000000000000000
000000001111111000000000000000111111110000000000000000000000000000000000000000000000000000000
000000000000000000000000000000111100000000000000000000000000000000000000000000000000000000000
000000000000000000000000000000000000000000000000000000000000000000000000000000000000000000000
000000000000000000000000000000000000000000000000000000000000000000000000000000000000000000000
000000000000000000000000000000000000000000000000000000000000000000000000000000000000000000000
000000000000000000000000000000000000000000000000000000000000000000000000000000000000000000000
000000000000000000000000000000000000000000000000000000000000000000000000000000000000000000000
000000000000000000000000000000000000000000000000000000000000000000000000000000000000000000000
000000000000000000000000000000000000000000000000000000000000000000000000000000000000000000000
000000000000000000000000000000000000000000000000000000000000000000000000000000000000000000000
000000000000000000000000000000000000000000000000000000000000000000000000000000000000000000000
000000000000000000000000000000000000000000000000000000000000000000000000000000000000000000000
000000000000000000000000000000000000000000000000000000000000000000000000000000000000000000000
000000000000000000000000000000000000000000000000000000000000000000000000000000000000000000000
000000000000000000000000000000000000000000000000000000000000000000000000000000000000000000000
000000000000000000000000000000000000000000000000000000000000000000000000000000000000000000000
000000000000000000000000000000000000000000000000000000000000000000000000000000000000000000000
000000000000000000000000000000000000000000000000000000000000000000000000000000000000000000000
000000000000000000000000000000000000000000000000000000000000000000000000000000000000000000000
