0000000000000000000000000000000000000000000000000000000000000000000000000000000000000000000000000000000000000000
0000000000000000000000000000000000000000000000000000000000000000000000000000000000000000000000000000000000000000
0111111110000000000000000000000000000000000000000000000000000000000000111111111111100000001111111111100000000000
0111111111110000000000000000000000000000000000000000000000000000000001111111111111100000001111111111000000000000
0111111111111000000000000000000000000000000000000000000000000000000011111111111111111000111111111111000000000000
0111111111111000000000000000000000000000000000000000000000000000000111111111111111111001111111111111000000000000
0111111111111110001111000000000000000000000000000000000000000000011111111111111111111001111111111111111000000000
0011111111111111111111100000000000000000000000000000000000000000011111111111111111111111111111111111111000000000
0001111111111111111111100000000000000000000000000000000000000000011111111111111111111111111111111111111000000000
0001111111111111111111100000000000000000000000000000000000000000111111111111111111111111111111111111111000000000
0001111111111111111111100000000000000000000000000000000000000011111111111111111111111111111111111111111110000000
0001111111111111111111100000000000000000000000000000000000000011111111111111111111111111111111111111111110101010
0001111111111111111111100000000000000000000000000000000000000111111111111111111111111111111111111111111111101110
0000111111111111111111100000000000000000000000000000000000000111111111111111111111111111111111111111111111101110
0000011111111111111111100000000000000000000001111110111000000111111111111111111111111111111111111111111111111110
0000001111111111111111100000000000000000000001111111111000111111111111111111111111111111111111111111111111111110
0000000111111111111111100000000000000000000111111111111000111111111111111111111111111111111111111111111111111110
0000000011111111111111100000000000000000000111111111111011111111111111111111111111111111111111111111111111111110
0000000001111111111111100000000000000000000111111111111111111111111111111111111111111111111111111111111111111110
0000000000111111111111111000000000000000000111111111111111111111111111111111111111111111111111111111111111111110
0000000000011111111111111111100000000000000111111111111111111111111111111111111111111111111111111111111111111110
0000000000001111111111111111100000000000000111111111111111111111111111111111111111111111111111111111111111111110
0000000000000111111111111111100000000000000111111111111111111111111111111111111111111111111111111111111111111110
0000000000000011111111111111100000000000000111111111111111111111111111111111111111111111111111111111111111111110
0000000000000001111001111111100000000000000011111111111111111111111111111111111111111111111111111111111111111110
0000000000000000111001111111100000000000011111111111111111111111111111111111111111111111111111111111111111111110
0000000000000000000000111111100000000000011111111111111111111111111111111111111111111111111111111111111111111110
0000000000000000000000011111100000000000011111111111111111111111111111111111111111111111111111111111111111111110
0000000000000000000000001111100111100011111111111111111111111111111111111111111111111111111111111111111111111110
0000000000000000000000000111101111100011111111111111111111111111111111111111111111111111111111111111111111111110
0000000000000000000000000111101111100011111111111111111111111100000000000000000001111111111111111111111111111110
0000000000000000000000000011101111100011111111111111111111111100000000000000000001111111111111111111111111111110
0000000000000000000000000011101111100011111111111111111111111100000000000000000001111111111111111111111111111110
0000000000000000000000000011101111100011111111111111111111111100000000000000000001111111111111111111111111111110
0000000000000000000000000011111111101111111111111111111111111100000000000000000000011111111111111111111111111110
0000000000000000000000000011111111101111111111111111111111111100000000000000000000011111111111111111111111111110
0000000000000000000000000001111111111111111111111111111111111110000000000000000000011111111111111111111111111110
0000000000000000000000000001111111111111111111111111111111111110000000000000000000011111111111111111111111111110
0000000000000000000000000001111111111111111111111111111111111111011111110000000000011111111111011111111111111110
0000000000000000000000000001111111111111111111111111111111111111011111110000000000011111111111011111111111111110
0000000000000000000000000001111111111111111111111111111111111111011111111100000000011111111111011111111011111110
0000000000000000000000000001111111111111111111111111111111111111111111111100000000011111111111011111111011111110
0000000000000000000000000011111111111111111111111111111111111111111111111111000000011111111111111111111111111110
0000000000000000000000000011111111111111111111111111111111111111111111111111000000111111111111111111111111111110
0000000000000000000000000111111111111111111111111111111111111111111111111111000000111111111111111110111111111110
0000000000000000000000101111111111111111111111111111111111111111111111111111000000111111111111111110111111111110
0000000000000000000000111111111111111111111111111111111111111111111111111111110000111111111111111110111111111110
0000000000000000000011111111111111111111111111111111111111111111111111111111110000111111111111111111111111111110
0000000000000000000011111111111111111111111111111111111111111111111111111111110000111111111111111111111111111110
0000000000000000000011111111111111111111111111111111111111111111111111111111110000111111111111111111111111111110
0000000000000000001111111111111111111111111111111111111111111111111111111111110000000000111111111111111111111110
0000000000000000001111111111111111111111111111111111111111111111111111111111110000000000111111111111111111111110
0000000000000000111111111111111111111111111111111111111111111111111111111111110000000000111111111111111111111110
0000000000000000111111111111111111111111111111111111111111111111111111111111110000000000111111111111111111111110
0000000000000011111111111111111111111111111111111111111111111111111111111111110000000000111111111111111111111110
0000000000000011111111111111111111111111111111111111111111111111111111111111110000000000111111111111111111111110
0000000000001111111111111111111100000011111111111111111111111111111111111111110000000000111111111111111111111110
0000000000001111111111111111111100000011111111111111111111111111111111111111110000000000111111111111111111111110
0000000000001111111111111111111100000011111111111111111111111111111111111111110000000001111111111111111111111110
0000000000001111111111111111111100000011111111111111111111111111111111111111110000000001111111111111111111111110
0000000000001111111110111111111100000011111111111111111111111111111111111000000000000000111111111111111111111110
0000000000001111111110111111111100000011111111111111111111111111111111111000000000000000001111111111111111111110
0000000111101111111100000000011100000000000011111111111011111111111111100000000000000000001111111111111111111110
0000000111101111111100000000011100000000000011111111111011111111111111100000000000000000000111111111111111111110
0000011111101111111000000000011100000000000011111110000011111111111111100000000000000000000000000111111111111110
0000011111111111111000000000011111100000000011111110000011111111111111100000000000000000000000000111111111111110
0111111111111111111000011110011111100000000011111110000001111111111111100000000000000000000000000111111111111110
0111111111111111111000011110011111100000000011111110000000001111111111100000000000000000000000000111111111111110
0111111111111111111111011110011111100000000011111110000000001111111111000000000000000000000000000001111111111110
0111111111111111111111011110011111100000000011111110000000001111111111000000000000000000000000000001111111111110
0111111111111111111111011111111111110000000011111100000000000000011100000000000000000000000000000001111111111110
0111111111111111111111111111111111110000000011111100000000000000011100000000000000000000000000000001111111111110
0111111111111111111111111111111111110000000011111000000000000000011000000000000000000000000000000001111111111110
0111111111111111111111111111111111110000000011110000000000000000000000000000000000000000000000000000011111111110
0111111111111111111111111111111111110000000000000000000000000000000000000000000000000000000000000000001111111110
0111111111111111111111111111111111110000000000000000000000000000000000000000000000000000000000000000000111111110
0111111111111111111111111111111111110000000000000000000000000000000000000000000000000000000000000000000111111110
0111111111111111111111111111111111110110000000000000000000000000000000000000000000000000000000000000000111101110
0111111111111111111111111111111111110110000000000000000000000000000000000000000000000000000000000000000111101110
0111111111111111111111111111111111111110000000000000000000000000000000000000000000000000000000000000000110000110
0110111111111111111111111111111111111110000000000000000000000000000000000000000000000000000000000000000110000000
0110111111111111111111111111111111111111100000000000000000000000000000000000000000000000000000000000000110000000
0000111111111111111111111111111111111111100000000000000000000000000000000000000000000000000000000000011110000000
0000111111111111111111111111111111111111100000000000000000000000000000000000000000000000000000000011111110000000
0000011111111111111111111111111111111111111000000000000000000000000000000000000000000000000000000111111100000000
0000011111111111111111111111111111111111111000000000000000000000000000000000000000000000000000000111111100000000
0000011111111111111111111111111111111111111000000000000000000000000000000000000000000000000000000111111100000000
0000011111111111111111111111111111111111111000000000000000000000000000000000000000000000000000001111111100000000
0000011111111111111111111111111111111111111000000000000000000000000000000000000000000000000000001111111100000000
0000011111111111111111111111111111111111111000000000000000000000000000000000000000000000000000001111111100000000
0000011111111111111111111111111111111111111000000000000000000000000000000000000000000000000111111111111111000000
0000011111111111111111111111111111111111111000000000000000000000000000000000000000000000000111111111111111111000
0000011111111111111111001111111111111111111000000000000000000000000000000000000000000000001111111111111111111000
0001111111111111111111001111111111111111111000000000000000000000000000000000000000000000001111111111111111111000
0001111111111111111111001111111111111111111000000000000000000000000000000000000000000000001111111111111111111100
0001111111111111111111001111111111111111111000000000000000000000000000000000000000000000011111111111111111111100
0001111111111111111111000011111111111111111000000000000000000000000000000000000000011111111111111111111111111110
0111111111111111111111000011111111111111111000000000000000000000000000000000000000011111111111111111111111111110
0111111111111111111111000000011111111111111110000000000000000000000000000000000001111111111111111111111111111110
0111111111111111111111000000011111111111111110000000000000000000000000000000000001111111111111111111111111111110
0111111111111111111111000000011111111111111110000000000000000000000000000000000011111111111111111111111111111110
0111111111111111111111000000011111111111111110000000000000000000000000000000000011111111111111111111111111111110
0111111111111111111111000000001111111111111110000000000000000000000000000000000111111111111111111111111111111110
0111111111111111111111000000001111111111111110000000000000000000000000000000000111111111111111111111111111111110
0111111111111111111111111100001111111111101110000000000000000000000000000000000111111111111111111111111111111110
0111111111111111111111111100001111111111101110000000000000000000000000000000000111111111111111111111111111111110
0111111111111111111111111100001111111111101110000000000000000000000000000001111111111111111111111111000111111110
0111111111111111111111111100001111111111111110000000000000000000000000000001111111111111111111111111000001111110
0111111111111111111111111100001111111111111110000000000000000000001100011111111111111111111111111111000001111110
0111111111111111111111111100001111111111111110000000000000000000011100011111111111111111111111111111000000000000
0000111111111111111111111100001111111111111110000000000000000000011111111111111111111111111111111111000000000000
0000011111111111111111111100011111111111111110000000000000000000111111111111111111111111111111111111000000000000
0000011111111111111111111100011111111111111111100000000000000001111111111111111111111111111111111111000000000000
0000000111111111111111111100011111111111111111100000000000000001111111111111111111111111111111111111000000000000
0000000111111111111111111100011111111111111111111110000000000011111111111111111111111111111111111111100000000000
0000000111111111111111111100011111111111111111111110000000000011111111111111111111111111111111111101110000001100
0000000111111111111111111100011111111111111111111110000000000011111111111111111111111111111111111100110000001110
0000000111111111111111111100011111111111111111111110000000110011111111111111111111111111111111100000011100001110
0000000111111111111111111100001111111111111111111111110111111111000011111111111111111111111111100000011100000110
0000000111111111111111111100001111111111111111111111110111111111000011111111111111111111111111100000011100000110
0000000110000011111111111100001111111111111111111111110111111111000000000000111111111111111111100000111100000110
0000000110000011111111111100001111111111111111111111110111111111000000000000111111111111111111100000111100000110
0000000110000011111111111100000011111111111111111111111111111111100000000000110011111111111111100000111100000110
0000000000000011111111111111000011111111111111111111111111111111110000000000110011111111111111100000111100000110
0000000000000011111111111111100011111111111111111111111111111111111000000000000001111111111111100001111111111110
0000000000000011111111111111100011111111111111111111111111111111111000000000000000111111111111100001111111111110
0000000000000011111111111111100011111111111111111111111111111111111000000000000000011111111111100001111111111110
0000000000000011111111111111100011111111111111111111111111111111111010000000000000011111111111000001111111111110
0000000000000011111111111111101111111111111111111111111111111111111111100000000000011111111110000000011111111000
0000000000000011111111111111101111111111111111111111111111111111111111100000000000001111111110000000011111100000
0000000000000011111111111111111111111111111111111111111111111111111111100000000000000000000000000000000000000000
0000000000000011111111111111111111111111111111111111111111111111111111100000000000000000000000000000000000000000
0000000000000011111111111111111111111111111111111111111111111111111111100110000000000000000000000000000000000000
0000000000000011111111111111111111111111111111111111111111111111111111111111000000000000000000000000000000000000
0110000000000011111111111111111111111111111111111111111111101111111111111111100000000000000000000000000000000000
0110000000000011111111111111111111111111111111111111111111101111111111111111110000000000000000000000000000000000
0111101100000011111111111111111111111111111111111111111111101111111111111111111000000000000000000000000000000000
0111101100000011111111111111111111111111111111111111111111101111111111111111111100000000000000000000000000000000
0111101111000111111111111111111111111111111111111111111111111111111111111111111110000000000000000000000000000000
0111101111000111111111111111111111111111111111111111111111111111111111111111111111000000000000000000000000000000
0111111111101111111111111111111111111111111111111111111111111111111111111111111111100000000000000000000000000000
0111111111101111111111111111111111111111111111111111111111111111111111111111111111110000000000000000000000000000
0111111111111111111111111111111111111111110111111111111111111111111111111111111111111000000000000000000000000000
0111111111111111111111111111111111111111110111111111111111111111111111111111111111111100000000000000000000000000
0111111111111111111111111111111111111111110111111111111111111111111111111111111111111110000000000000000000000000
0111111111111111111111111111111111111111110111111111111111111111111111111111111111111111000000000000000000000000
0111111111111111111111111111111111111111111111111111111111111111111111111111111111111111000000000000000000000000
0111111111111111111111111111111111111111111111111111111111111111111111111111111111111111110000000000000000000000
0111111111111111111111100000000000000000111111111111111111111111111111111000111111111111111100000000000000000000
0111111111111111111111100000000000000000111111111111111111111111111111111000011111111111111100000000000000000000
0111111111111111111111100000000000000000011111111111111111111111111110011000001111111111111111000000000000000000
0111111111111111111111100000000000000000011111111111111111111111111100011000001111111111111111000000000000000000
0111111111111111111111100000000000000000011111111111111111111111111000000000001111111111111111000000000000000000
0111111111111111111111100000000000000000011111111111111111111111111000000000001111111111111111000000000000000000
0111111111111111111111100000000000000000011111111111111111111111111001000000000011111111111111111000000000000000
0111111111111111111111100000000000000000011111111111111111111111000011000000000000111111111111111000000000000000
0000011111111111111111100000000000000000000011111111111111111111000111000000000000111111111111111000000000000000
0000011111111111111111100000000000000000000011111111111111111110000111000000000000111111111111111000000000000000
0000011111111111111111100000000000000000000011111111111111111100011111000000000000011111111111111000000000000000
0000011111111111111111100000000000000000000011111111111111111100011111000000000000011111111111111000000000000000
0000000001111111111111100000000000000000000000000000001111111100111111000000000000001111111111111000000000000000
0000000001111111111111100000000000000000000000000000001111111111111111000000000000001111111111111000000000000000
0000000000111111111111100000000000000000000000000000001111111111111111110000000000000000011111111000000000000000
0000000000111111111111100000000000000000000000000000001111111111111111110000000000000000011111111000000000000000
0000000000110011111111100000000000000000000000000000000000011111111111111000000000000000011111111000000000000000
0000000000110011111111100000000000000000000000000000000000011111111111111000000000000000011111111000000000000000
0000000000000000000000000000000000000000000000000000000000000000000000000000000000000000000000000000000000000000
0000000000000000000000000000000000000000000000000000000000000000000000000000000000000000000000000000000000000000
