0000000000000000000000000000000000000
0000000000000000011100000000000000000
0000000000000000111110000000000000000
0000000000000001111111100000000000000
0000000000000011111111100000000000000
0000000000000111111111110000000000000
0000000000000111111111110000000000000
0000000000000111111111110000000000000
0000000000000111111111110000000000000
0000000000000011111111110010000000000
0000000111110011111111110111100000000
0000001111110111111110110111110000000
0000011111111110010100111111111000000
0000111111111110000000011111111100000
0001111111111110000001011111111110000
0011111111111111100011111111111111000
0011111111111111110111111111111111000
0001111111111111110111111111111111000
0000111111111111110111111111111111000
0000111111111111111111111111111111000
0000111111111111111111111111111111000
0000001111111111111111111111111000000
0111100111111111111111111111111001110
1111111111111111111111111111111111111
1111111101111111111111111111001111111
1111111101111111111111111111001111111
1111111100001111111111111100011111111
1111111110000111111111111000011111111
1111111110000011111111100000011111111
1111111100000011111111110000001111111
1111111100111111111111111110001111111
1111111101111111111111111111011111111
0111101101111111111111111111011001111
0101100111111111111111111111111001010
0000000111111111111111111111111000000
0000010111111111111111111111111100000
0000111111111111111111111111111110000
0000111111111111110111111111111111000
0000111111111111110011111111111111000
0000111111111111110011111111111111000
0001111111111111100011111111111111000
0001111111111110000000011111111111000
0001111111111110011110011111111110000
0000011111111011111111110111111100000
0000001111110011111111110111111000000
0000001111000111111111110101110000000
0000000010000111111111110000100000000
0000000000000111111111110000000000000
0000000000000111111111110000000000000
0000000000000011111111110000000000000
0000000000000011111111110000000000000
0000000000000000111111110000000000000
0000000000000000011110000000000000000
0000000000000000000000000000000000000
0000000000000000000000000000000000000
0000000000000000000000000000000000000
