000000000000000000000000000000000000000000000000000000000000000000000000000000000000000000000
000000000000000000000000000000000000000000000000000000000000000000000000000000000000000000000
000000000000000000000000000000000000000000000000000000000000000000000000000000000000000000000
000000000000000000000000000000000000000000000000000000000000000000000000000000000000000000000
000000000000000000000000000000000000000000000000000000000000000000000000000000000000000000000
000000000000000000000000000000000000000000000000000000000000000000000000000000000000000000000
000000000000000000000000000000000000000000000000000000000000000000000000000000111110000000000
000000000000000000000000000000000000000000000000000000000000000000000000000011111112100000000
000000000000000000000000000000000000000000000000000000000000000000000000000111111112100000000
000000000000000000000000000000000000000000000000000000000000000000000000011111111111110000000
000000000000000000000000000000000000000000000000000000000000000000000000111111111111111000000
000000000000000000000000000000000000000000000000000000000000000000000000111111111112111000000
000000000122000000000000000000000000000000000000000000000000000000000000111111111112111000000
000000001122120000111000000000000000000000000000000000000000000000000000111111111112210000000
000000001122111111111111000000000000000000000000000000000000000000000000011111111112100000000
000000001112111111111111100000000000000000000000000000000011000000000000011111111111110000000
000000011111111111111111100000000000000000000000000000000111100000000000111111122111111000000
000000111111111111111111111000000000000000000000000111111111100000000000111111222211111000000
000000111111111111111111111100000000000000000000001111111111100000000011111001222211111000000
000001111111111111111111111110000000000000000000002111111111100000000011110000202211111100000
000001111111111111111111111111000000000000000000000222111111111000000011110000000001111100000
000001111111111111111111110001000000000000000000000022211111111100000011100000000001112200000
000011111111111111111111110000000000000000000000000002210111111100000000000000000000112200000
000011111221111111111111110000000000000000000000000000200111111100000000000000000000222200000
000011112222122111111111110000000000000000000000000000000001111000000000000000000000221200000
000001222222122111122111110000000000000000000000000000000001110000000000000000000000221210000
000011222222122111222111112200000000000000000000000000000001110000000000000000000000221210000
000001122222221112222211112200000000000000000000000000000011100000000000000000000000222210000
000001111122011112222101112200000000000000000000000000000011100000000000000000000000112210000
000000000000000002222001112200000000000000000000000000000111000000000000000000000000111210000
000000000000000002220000112200000000000000000000000000001111000000000000000000000000111100000
000000000000000001110000112000000000000000000000000000011110000000000000000000000000111100000
000000000000000000000000111000000000000000000000000000111210000000000000000000000000111000000
000000000000000000000000111000000000000000000000000111112200000000000000000000000000111000000
000000000000000000000000111000000000000000000011111111122000000000000000000000000001110000000
000000000000000000000001111000000000000000000011111111120000000000000000000000000001110000000
000000000000000000000011120000000000000000000011111111100000000000000000000000000011100000000
000000000000000000000011120000000000000000000011111111000000000000000000000000000111100000000
000000000000000000000111100000000000000000000011111111000000000000000000000000001111100000000
000000000000000000001111100000000000000000000000111110000000000000000000000000011111100000000
000000000000000000001111000000000000000000000000011100000000000000000000000001111111100000000
000000000000000000011111000000000000000000000000011100000000000000000000022211111111102000000
000000000000000000011110000000000000000000000000011100000011000000000000222211111111122000000
000000000000000000111100000000000000000000000000011110001111000000000000222222111111222000000
000000000000000000111100000000000000000000000000001111111110100000000000222222111111220000000
000000000000000001111100000000000000000000000000001111111111100000000001222222111111220000000
000000000000000001111100000000000000000000000000000111111110000000000011122222111110220000000
000000000000000011111111100000000000000000000000000011111000000000000011122222111112200000000
000000000000000111122221110000000000000000000000000001110000000000000011111221111122200000000
000000000000011111122221110000000000000000000000000001110000000000000011111211111122200000000
000000000000011111122122100000000000000000000000000000110000001000000001111111110222200000000
000000000000011111122211100000000000000000000000000000110000002210000001111100002222000000000
000000000000111101122211110000000000000000000000000000011001112210000001111100002220000000000
000000000000111001112211110000000000000000000000000000001001112210000000111000000000000000000
000000000001110000111111110000000000000000000000000000001001222210000000111000000000000000000
000000000001100000001111110000000000000000000000000000001011122200000000111110000000000000000
000000000001100000001111111000000000000000000000000000011011221200000000011111000000000000000
000000000011100000001111111000000000000000000000000000002001110200000000001111000000000000000
000000000011000000001111111000000000000000000000000000002101110000000000001111100000000000000
000000000011000000000111111000011111100000000000000000001111111000000000001111100000000000000
000000000111000000000111111101111111111111000000000000002111111100000000000111100000000000000
000000000111000000000111111101111111111111110000000000002111111111000000000111110000000000000
000000000111000000000111111111111111111111110000000000001111111111110000000111111000000000000
000000000111000000000111111111111111111111111000000000001111111111100000000111111111110000111
000000100111000000000111111111111111111111111000000000001111111111100000000111111111111011111
000000110111000000000111111111111111111111111000000000001111111111110000001111111111111111111
000000110111100000000111111111111111111111111000000000001111122122210000011111111111111111111
000000111111000000000111111111111111111111111000000000000111112222111000011111111111111111111
000000011111000000001111111111111111111111110000000000000011212220111000111111111111111111111
000000111111000000001111111111111111111111110000000000000002222121011111111111111111111111111
000001111111000000001111111111111111111111111000000000000002221202011111111111111111111111111
100011111111000000001111111111111111111111111100000000000000022222001111111111111111111111111
111111111111100000001111111111111111111111111111000000000000002220000111111111111111111111111
111111111111000000011111111111111111111111111111000000000000000120000111111111111111111111111
111111111111000000011111111111111111111111111111100000000000002200100011111111111111111111111
111111111111000000011111111111111111111111111111100000000000002000110011111111111111111111111
111111111111000000211111111111111111111111111111100000000000000000110011111111111111111111111
111111111111000000211111111111111111111111111111110000000000000000111111111111111111101111111
111111111111000000221111111111111111111111111111110000000000000000011111111111111111101111111
111111111111100000221111111111111111111111111111110000000000000000011111111100001111000011111
111111111111100000221111111111111111111111111111110000000000000000001111111000000110000000011
111111111111100000001111111111111111111111111111111000000000000000000011111000000000000000001
111111111111110000000111111111111111111111111111111000000000000000000011111000000000000000000
111111111111110000000111111111111111111111111111111000000000000000000011111000000000000000000
111111111111110000000011111111111111111111111111111000000000000000000011111000000000000000000
111111111111110000000001000111211111111111111111111000000000000000000011111100000000000000000
112221111111110000000001000111211111111111111111111000000000000000000111111100000000000000000
112221111111110000000000000221211111111111111111111000000000000000000111111100000000000000000
122222111111111000000000001222211111111111111111111000000000000000000111111110000000000000000
122222111111111000000000000222111111111111111111111000000000000000000111111110000001100000000
122222111111110000000000000022211111111111111111111000000000000000000111111110000011110000000
112222111111110000000000000002211111111111111111111000000000000000000111111110000111111000000
111221111111110000000000000002121111111111111111111000000000000001011111111111000111111111000
111211111111110000000000000000011111111111111111110000000000000111111111111111101111111111000
111201111111110000000000000000011111111111111111110000000000001111111111111111111111111111100
111001111111110000000000000000011111111111111111110000000000001111111111111111111111111111100
111000111111110000000000000000001111111111111111110000000000011111111111111111111111111111100
111000111111110000000000000000011111111111111111110000000000011111111111211111111111111111100
111100111111110000000000000000011111111111111111100000000000011111111112211111111111111111100
111100011111110000000000000000111111111111111111110000000000111111111112211111111111111111110
111110011111110000000000000000111111111111111111110000000000111111111222211111111111011111110
111100011111110000000000000000011111111111111111110000000001111111111222221211111110001111111
111100011111110000000000000000011111111111111111100000000011111111112222221221111100000111111
111000011111100000000000000000111111111111111111100000000011111111112222222222111000000011111
100000011111100000000000000001111111111111111111100000000111111111112222222221111000000001111
000000011111100000000000000011111111111111111111100000000111111111112222222221111000000001111
000000011111110000000000000111111111111111111111100000000111111111112222222221110000000001111
000000011111110000000000111111111111111111111111100000000111111111112222222221110000000001111
000000011111111000000001111111111111111111111111100000001111111111112222221221111000000000111
000000011111111000000011111111111111111111111111100000001111111111112222221211111000000000011
000000011111111000000011111111111111111111111111100000011111111111111211221211111000000001001
000000011111111000000111111111111111111111111111100000011111111111111211211211111000000011100
000000011111111100001111111111110111111111111111100000110001111111111111211211111000000011100
000000111111111100001111111111110111111111111111000000110001111111111112211111111000000011110
000000111111111111111111111111100000111111111111000000101111111111111111111111111000000011111
000001111111111111111111111111100000111111111110000000101111111111111111111111111000000011111
000001111111111111111111111111110000211111111110000000001111111111111111111111111100000111110
000001111111111111111110111111110000211111111111000000001111111111111111111111111100000111110
000011111111111111111000111111110000022111111111100000001111111111111111111111111110111111110
001111111111111111111000111111100000022211111111100000001111111111111111111111111111111111111
001111111111111100111001111111100000022211111111110000011111111111111111111111111111111111111
001111111111100000001001111111110000022211111111110000011111111111111111111111111111111111111
001111111110000000001001111111100000022211111111111100011111111111111111111111111001111111111
011111111110000000000000111111100000002211111111111100111111111111111111111111111001111111111
111111111110000000000000111111100000002111111111111100111111111111111111111001111001111111111
111111111100000000000000111111100000001111111111111001111111111111111111100000110000111111111
111111111000000000000001111111100000000111111111110001111111111111111100000000100000111111111
111111110000000000000001111111100000000111111111100011111111111111111000000000000000111111111
111111110000000000000001111111000000000111111111000011111111111111111000000000000000011011111
111111111000000000000001111111000000000111111111000011111111111111111000000000000000010011110
111111111000000000000011111100000000000111111111001111111111111111111000000000000000000000110
111111111100000000000011111110000000000111111111111111111111111111111000000000000000000000001
111111111100000000000111111000000000000111111111111111111111111111111000000000000000000000000
111111111100000000001111111000000000000111111111111111111111111111111000000000000000000000000
111111111100000000011111110000000000000111111111111111111111111111111110000000000000000000000
111111111100000000011111110000000000001111111111111111111111111111111110000000000000000000000
111111111100000000111111100000000000001111111111111111111111111111111110000000000000000000000
111111000000000001111111100000000000111111111111111111111111111111111110000000000000000000000
000000000000000001111111000000000000111111111111111111111111111111111111000000000000000000000
000000000000000001111111000000000000111111111111111111111111111111111111000000000000000000000
