000000000000000000000000000000000000000000000000000000000000000000000000000000000000000000000
000000000000000000000000000000000000000000000000000000000000000000000000000000000000000000000
000000000000000000000000000000000000000000000000000000000000000000000000000000000000000000000
000000000000000001111110000000000000000000000000000000000000000000001111000000000000000000000
000000011000000001111110000000000000000000000000000000000000011111001111000000000000000000000
000001111110000001111111000000000000000000000000000000000000111111100111000000000000000000000
000001111111000000111111101100000000011000000000000000000000111111100110000000000000000000000
000001111111000000011111111110000000011001110011000000000000111111110010000000000000000000000
000001111111000000000011111111000000011001110011100000000000111111110000000000000000000000000
000001111111000000000011111111100000111111110011100000000000011111110000000000000000000000000
000000111111000000000011111111111111111111111011100000000000000011100000000000000000000000000
000000001111000000000001111111111111111111111011100000000000000011000000000000000000000000000
000000000100000000000001111111111111111111111011000000000000000000000000000000000000000000000
000000000000000000000000111111111011111111111111000000000000000000000000000000000000000000000
000000000000000000000000011111111111111111111111000000000000000000000000000000011111000000000
000000000000000000000000001111111111111111111111110000000000000000000000000000011111000000000
000000000000011110000000000111111111111111111111111110100000000000000000000001111111000000000
000000110000011110000000000011011111111111111111111110110000000000000000000111111111000000000
000011110000001100000000000000011111111111111111111111111000000000000000000111111111100011000
000111110000000000000000000000011111111111111111111111111110000000000000000111111111111111000
000011110000000000000000000000001111111111111111111111111110000000000000011011111111111111000
000011110000000000000000000000001111111111111111111111111110000000000000111011111111111110000
000111110000000000000000000000000111111111111111111111111111111100000000111011111111111110000
000111110000000000000000000000000111111111111111111111111111111111000001111111111111110110000
000111110000000000000000001100000011111111111111111111111111111111100001111111111111111111000
000011110000000000000000011111000011111111111111111111111111111111110001111111111111111111100
000001100000000000000000111111000011111111111111111111111111111111111000111111111111111111100
000000000000000000000000111111000011111111111111111111110000111111111100111111111111111111100
000000000000000000000000111111000000011111111111111111100000001111111100111111111111111111100
000000000000000000000000111111000000011111111111111111100000000111111110001111111111111111000
000000000000000000000000011111000000111111111111111111100000000011111111001111000001111111000
000000000000000000000000000011000000111111111111111111000000000001111111111111000001111100000
000000000100000000000000000000000000111111111111111111000000000000111111111111000001111000000
000000001110000000000000000000000000111111111111111000000000000000011111111111100001111000000
000000111110000000000000000000000000111100111111111000000000000000011111111111111111111000000
000000111110000011100000000000000000111100111111110000000000000000001111111111111111111000000
000000111111111111100000000000000000000000100011000000000000000000000111111111111111111111000
000000111111111111111000000000000000000000000000000000000000000000000111111111111111111111000
000000111111111111111000000000000000000000000000000000000000000000000001111111111111111111000
000000111111111111111100000000000000000000000000000000000000000000000001111111111111111111000
000001111111111111111100000000000000000000000000000000000011100000000001111111111111111111000
000001111111111111111100000000000000000000000000000000000111110000000001111111111111111111000
000001111111111111111100000000000000000000000000000000001111111000000000111111111111111111000
000001111111111111111100000000000000000000000000000000001111111100000000111111111111111111000
000001111111111111101100000000000000000000000000000000001111111100000000111011111111111111000
000001110011111111101100000000000000111000000000000000001111111100000000111111111111111111000
000001110111111111111111000000000001111001110000000000000111111100000000011111111111111100000
000001111111111111111111000000001111111001110000000000000111111100000000011111111111110000000
000001111111111111111111000000001111111001110000000000000000000000000000011111111111110000000
000001111111100011111111000000001111111001110000000000000000000000000000011111111111000000000
000001111111000001111111000000011111111001100001110000000000000000000000011111111111000000000
000001111111000001111110000000011111111000100001111100000000000000000000011111111111000000000
000000011111100011111100000000001111111000000001111110000000000000000000000011111111100000000
000000011111100011111100000000001111100000000001111110000000011100000000000000111111100000000
000000011111100111111110000000001111000000000111111110000000011100000000000000111111100000000
000000011111111111111111100000000110000000000111111110000000011100000000000000111111100000000
000000011111111111111111110000000000000000000111111110001100011100000000000000111111100000000
000000011111111111111111110100000000000000000111111110001110001000000000000000111111110000000
000000011111111111111111111110000000100000000000110000011110000000011110000000011111110000000
000000001111111111111111111110000001110000000000000000001100000000111111000000011111110000000
000000001111111111111111111110000001110000000000000000000000000000111111100000011111110000000
000000001111111111110001111110000001110000000000000000000000000000111111100000011111110000000
000000001111100111110001111111000001100000000000000000000000000001111111100000001111110000000
000000001111110111100001111111100000000000000000000000000000000001111111100000001111111000000
000000000011111111100000111111111100000000000011100000000000000001111111100000001111111000000
000000000011111111000000011111111110000000000111110000000000000001111111000000001111111000000
000000000011111111000000000111111111000000001111111000000000000000110011000000001111111000000
000000000011111111000000000111111111111110111111111100000000000000000000000000000111111000000
000000000011111111000000000011111111111111111111111100000000000000000000000000000111111000000
000000000000111110000000000001111111111111111111111101000000000000000000000000000111111000000
000000000000111110000000000000101111111111111111111111100000000000000000000000000111111000000
000000000000111111000000000000000001111111111111111111110000000000000000000000000111111000000
000000000001111111000000000000000001111111111111111111111000000000000000000000000111111100000
000000000001111111000000000000000001111111111111111111111100000000000011000000000111111100000
000000000001111111000000000000000001111111111111111111111110000000001111100000000011111100000
000000000001111111000000000000000001111111111111111111111110000000001111100000000011111100000
000000000001111111000000000000000011111111111111111111111110000000001111100000000011111000000
000000000001111111000000010000000111111111111111111111111111110000001111100000000011111000000
001100000001111111000001111000001111111111111111111111111111111000001111100000000011111100000
001111000001111111000001111000001111111111111111111111111111111100011111100000000001111100000
001111100001111100000001111000001111111111111111111111111111111100011111100000000001111000000
001111110001111100000001111000001111111111111111111111111111111100011111000000000001111000000
001111110000111100000011111000000111111111111111111111111111111000000111000000000001111000000
001111110000111100000011111000000000111111111111111111111111100000000000000000000001111000000
001111110000111100000011111000000000111111111111111111111111100000000000000000001111111000000
000011110000111111000001110000000000111111111111111111111111000000000000000000001111111000000
000000000001111111000001110000000000111111111111111111111111000000000000000000001111111000000
000000000001111111000000000000000000111111111111111111111111000000000000000000001111111100000
000000000001111111000000000000000001111111111111111111111111000000000000000001111111111100000
000000000001111111000000000000000001111111111111111111111111100000000000000001111111111100000
000000000001111111000000000000000011111111111111111111111111110000000000000111111111111110000
000000000001111111000000000000000111111110111111111111111111110000000000000111111111111111100
000000000000111110000000000000000111111110011111111111111111111000000000001111111111111111100
000000000000111110000000000000000111111100011111111000001111111000000000001111111111111111100
000000000000111110000000000000000111111100001111110000000111111110000000001101111111111011100
000000000001111111000000000000000111111000000111100000000111111110000000001111111111111011100
000000000001111111000000000000000111111000000001000000000111111110000000001111111111111111100
000000000001111111000000000000000111111000000000000000000011111110000000001111111111111111100
000000000001111111100000000000000001110000000000000000000001111111000000001111111111111111100
000000000001111111110000000000000000000000000000000000000001111111000000001111111111111111100
000000000011111111111000000000000000000000000000000000000000111111111111000111111111111111100
000000000011111111111000000000000000000000000000000000000000011111111111000111111111111111100
000000001111111111111111000000000000000000000000000000000000000011111111111111100001111111100
000000001111111111111111000000000000000000011000000000000000000011111111111111100001111111100
000000011111111111111111000000000000000001111100000000000000000011111111111111100001111111100
000111111111111111111111000000000000000011111100000000000000000001111111111111111111111111100
000111111111111111111111111000000000000011111110000000111000000000111111111111111111111110000
000111111111111111111111111000000000000001111110000001111100000000011111111111111111111110000
000111101111111111111111111000000000000001111100000011111110000000000111111111111111111110000
000111101111111111111101111000000000000000111000000011111111000000000111111111111111111110000
000111101111111111111101100000000000000000000000000011111111000000000111111111111111111100000
000111111111111111111111100000000000000000000000000011111111000000000111111111111111111100000
000011111111100001111111100000000000000000000000000001111110000000000111111111111111111100000
000001111111100001111111100000000000000000000000000000011110000000000111111111111111111100000
000001100011100001111111100000000000000000000000000000001100000000000111111111111111111100000
000001111111111111111111100000000000000000000000000000000000000000000111111111111111111100000
000001111111111111111111000000000000000000000000000000000000000000000111111111110111111000000
000001111111111111111111110000000000000000000000000000000000000000000111111111111111111000000
000001111111111111111111110000000000000000000000000000000000011000000111111111111111111000000
000001001111111111111111111111100000000000000000000000000000011000000111111111111111110000000
000000001111111111111111111111110000000000000000000000000001111000000111111111111111000000000
000000001111111111111111111111111100000000000000000000000001111000000111100111111111000000000
000000001111110111111111111111111110000000000000000000000001110000000111100111111111000000000
000000001111110111111000001111111111000000000000000000000000100000000111100111111111000000000
000000001111111111111000000011111111100000110000000000000000000000000000000000000000000000000
000000001111111111111000000000111111100000110000000000000000000000000000000000000000000000000
000000111111111111111100000000111111110001111000000000000000000000000000000000000000000000000
000000111111111111111100000000011111111011111000000000011100000000000000000000000000000000000
000000111111111111111100000000001111111111111000000000111110000000000000000000000000000000000
000000111110011111111100000000000111111111111111000000111110000000000000000000000000000000000
000000011110000001101100000000000111111111111111000000111110000000000000000000000000000000000
000000000000000000000000000000000011111111111111000000111110000000000000000000000000000000000
000000000000000000000000000000000011111111111111000000111000000000000000000000000000000000000
000000000000000000000000000000000000111111111111000000011000000000000000000000000000000000000
000000000000000000000000000000000000111111111111000000000000000000000000000000000000000000000
000000000000000000000000000000000000111111111111000000000000000000000000000000000000000000000
000000000000000000000000000000000000111111111111000000000000000000000000000000000000000000000
000000000000000000000000000000000000011111110000000000000000000000000000000000000000000000000
000000000000000000000000000000000000000000000000000000000000000000000000000000000000000000000
000000000000000000000000000000000000000000000000000000000000000000000000000000000000000000000
