000000000000000000000000000000000000000000000000000000000000000000000000000000000000000000000
000000000000000000000000000000000000000000000000000000000000000000000000000000000000000000000
001111000000011110000000000000000000000000000000000000000000000000000000000000000000000000000
001111000000011110111000000000000000000000000000000000000000000000000000000000000000000000000
001111111111111110111000000000000000000000000000000000000000000000000000000000000000000000000
001111111111111100011000000000000000000000000000000000000000000000000000000000000000000000000
001111111111111001111000000000000000000000000000000000000000000000000000000000000000000000000
001111111111111111111100000000000000000000000000000000000000000000000000000000000000000000000
001111111111111111111100000000000000000000000000000000000000000000000000000000000000000000000
001111111111111111111100000000000000000000000000000000000000000000000000000000000000000000000
001111111111111111111100000000000000000000000000000000000000000000000000000000000000000000000
001111111111111111111100000000000000000000000000000000000000000000000000000000000000000000000
001111111000111111111100000000000000000000000000000000000000000000000000000000000000000000000
001111111000111111111100000000000000000000000000000000000000000000000000000000000000000000000
001111111111111111111110000000000000000000000000000000000000000000000000000000000000000000000
001111111111111111111111100000000000000000000000000000000000000000000000000000000000000000000
001111111111111111111111111000000000000000000000000000000000000000000000000011000000000000000
001111111111111110011111111111111100000000000000000000000000000000000000001111000000000000000
001111111111111111111111111111111100000000000000000000000000000000000000001111000000000000000
001111111111111111111111111111111110000000000000000000000000000000000000001111100000000000000
001111111111111111111111100001111111000000000000000000000000000000000000001111110000011100000
001111111111111111111111100000111111000000000000000000000000000000000000001111111111011100000
001111111111111111111111100000111111100000000000000000000000000000000000001101111111111100000
001111111111111111111111100000011111100000000000000000000000000000000000000000111111111110000
001111111111111111111111000000001111110000000000000000000000000000000000000000111111111111000
001111111111111111111110000000000011110000000000000000000000000000000000000001111111111111000
001111111111111111111110000000000001111000000000000000000000000000000000000001110111111111000
001111111111111111111110000000000001111000000000000000000000000000000000000001110111111111000
001111111111111111111100000000000000111100000000000000000000000000000000000001110111111111000
001111000000000000111000000000000000111100000000000000000000000000000000000001110001111110000
001111000000000000111000000000000000011100000000000000000000000111110000000011110001110000000
001111000000000000011000000000000000011110000000000000000000000111110000000011100000000000000
000000000000000000011100000000000000001110000000000000000000111111110000000011100000000000000
000000000000000000011100000000000000001111100000000000011000111111110000000011100000000000000
000000000000000000011100000000000000001111100000001110011111111111110000000011100000000000000
000000000000000000011100000000000000001111111000001110011111111111110000000011000000000000000
000000000000000000011100000000000000001111111111111111111111111111110000000011000000000000000
000000000000000000011100000000000000001111111111111111111111111111110000000111000000000000000
000000000000000000111100000000000000001111111111111111111111111111111001111111000000000000000
000000000000000000111100000000000000000111111111111111111111111111111111111111000000000000000
000000000000000000111100000000000000000111111111111111111111111111111111111111000000000000000
000000000000000000111100000000000000000111111111111111111111111111111111111111000000000000000
000000000000000001111100000000000000000000011111111111111111111111111111111111100000000000000
000000000000000001111100000000000000000000000111111111111111111111111111111111100000000000000
000000000000000001111100000000000000000000000001111111111111111111111111111111111000000000000
000000000000000111111100000000000000000000000001111111111111111111111111111111111000000000000
000000000010111111111100000000000000000000000001111111111111111111111111111111111110000000000
000000000111111111111100000000000000000000000000011111111111111111111111111111111110000000000
001111111111111111111100000000000000000000000000000000110000011111111111111111111111100000000
001111111111111111111100000000000000000000000000000000000000011111111111111111111111100000000
001111111111111111111110000000000000000000000000000000000000001111111111111111111111100000000
001111111111111111111110000000000000000000000000000000000000001111111111111111111111100000000
001111111111111110011110000000000000000000000000000000000000001111111111111111111111100000000
001111111111111000001111000000000000000000000000000000000000011111111111111111111111100000000
001111111111100000000111100000000000000000000001101100000110111111111111110000011111100000000
001000000000000000000011100000000000000000000001111100000111111111111111110000011111100000000
000000000000000000000011110000000000000000000001111101111111111111111111100000011111100000000
000000000000000000000011110000000000000000000001111101111111111111111111000000011111100000000
000000000000000000000001111000000000000000000001111111111111111111111111100010001111100000000
000000000000000000000001111000000000000000000001111111111111111111111111100011111111100000000
000000000000000000000001111110000000000000000000011111111111111111111111111111111111100000000
000000000000000000000001111110000000000000000000011111111111111111111111111111111111100000000
000000000000000000000000001111100000000000000000011111111111111111111111111111111111100000000
000000000000000000000000001111100000000000000000011111111111111111111111111111111111100000000
000000000000000000000000000111100000000000000000011111111111111110111111111111111111100000000
000000000000000000000000000111100000000000000000011111111111111000111111111111111111100000000
000000000000011000000000000011100000000000000000000000001111100000111111111111111111100000000
000000000000111100000000000011100000000000000000000000001111000000111111111111111111100000000
000000000001111111000000000011100000000000000000000000000000000000111111111111111111100000000
000000000001111111000000000011100000000000000000000000000000000000111111111111111111100000000
000000000001111111000000000011100000000000000000000000000000000001111111111111111111000000000
000000000011100110011000000011110000000000000000000000000000000001111111111111111110000000000
000000000011100000111000000001111000000000000000000000000000000011111110001110000000000000000
000000000011100001111000000001111100000000000000000000000000000011111110001100000000000000000
000000000011000011111000000001111111000000000000000000000000000111111110001000000000000000000
000000000111010111110000000001111111000000000000000000000000000111111111100000000000000000000
000000011111111111100000110001111111100000000000000000000000000111111111100000000000000000000
000000111111111111000001110000011111110000000000000000000000011111111111100000000000000000000
000000111111111110000001110000000001111000000000000000000000111111111111100000000000000000000
000001111111111111000011110000000001111100000000000000000000111111111111000000000000000000000
000011111111111111000111110000000000111111111100000000000001111111111111000000000000000000000
000011110111111111101111110000000000111111111100000000000011111111111110000000000000000000000
000111110111111111111111111000000000011111111111100000000011111111110110000000000000000000000
000111111111111111111111111110000110011111111111100000001111111111110110000000000000000000000
000001111011111111111111111110000111111111111111111100111111111111111110000000000000000000000
000001111011111111111111111110001111111111111111111111111111111111111111000000000000000000000
000000111100111111111111111110011111111111111111111111111111111111111111100000000000000000000
000011111111111111111111111100011111111111111111111111111111111111111111100000000000000000000
000111111111111101111111111000011111111111111111111111111111111111111111100000000000000000000
001111110111111101111111111000011111111111111111111110111111111111111111100000000000000000000
001111101111111000111111110000011001111111111111111110111111111111111111100000000000000000000
001111001111110000111111101100111000011111110001111111111111111111111111100000000000000000000
001100011111100000011111101100111000001111110000011111111111111111111100000000000000000000000
001100001111000001111111111100111000001111110000001111111111111111111000000000000000000000000
000000000111000011110001111100011100011111110000001111111111111111110000000000000000000000000
000000000111100111110000111000011100111111111100001111111111111111110000000000000000000000000
000000001111111111111000110000001111111111111100001111111111111111100000000000000101100000000
000000001111111111111111110000001111111111111111001111111111111111000000000000001111111110000
000000111111111111111111100000001111111111111111001111111111111111000000000000001111111110000
000000111111111111111111000000000111111111111111111111111111111111000000000000001111111110000
000000111111111111111110000000000001111111111111111111111111111111000000000000011111111110000
000000001111111111111110000000000001111111111111111111111111111111000000000100111111111110000
000000011011111111111110000000011001111111111111111111111111111111111111000111111111111110000
000000011011111111111110000000111111111111111111111111111111111111111111000111111111111110000
000000110011111111111111000000111111111111111111111111111111111111111111111111111111111110000
000000110001111111111111100000011111111111111111111111110111111111111111111111111111111110000
000001110000001111111111110000011111111111111111111111100111111111111111111111111111111110000
000011100000001111111111110110001111111111111111111111100111111111111111111111111111111110000
000111110000001111111111111110000111111111111111111101100011111111111111111111111111111110000
001111110000000111111111111110000111111111111111101101110111111111111111111111111111111110000
001111110000001101111111111111100111111111111100000001111111111111111111111111111111111110000
000111110000001101111111111111111111111111111100000001111111111111111111111111111111111110000
000111110000001001111111111111111111111111111100000001111111111111111111111111111111111110000
000111111010011001111111111111101111111111111000000000111111111111111111111111111111111110000
000111111111011001111111111111101111111111110000000000111111111111111111111111111111111110000
000111111111110001111111111111111011111111110000000000111111111111111111111111111111111110000
000111111111110000001111111111111011111111111000000000111111111111111111111111111111111100000
000111111111100000001111111111111111111111111100000000111111111111111111111111111111111100000
000011111111100000001111111100111100111111111110000000111111111111111111111111111111111100000
000001111111000000000111111100111000001111111110000000111111111111111111111111111111111100000
000011111110000000000011110000000000001111111111000000111111111111111111111111111111111100000
000011111100000000000011011000000000001111111111000000111111111111111111111111111111111100000
000000111101110010000010011100000000001111111111000000011001111111111111111111111111111000000
000000111111110010000010001100000000001111111111000000011011111111111111111111111111111000000
000000011111100011000110000110000000000001111110000000001011111111111111111001111111111000000
000000011111100111100110000010000000000001111010000000001000011111111111111000111111111000000
000000011111101111111100000000000000000000111011000000000000011111001111111111111111100000000
000000011111111111111100000000000000000000011011000000000001111110000111111111111111100000000
000000000111111111111110000000000000000000001001100000000001111111100111111111111111100000000
000000001111111111111111000000000000000000001100111000000001111111110011111111111111100000000
000000011111111111111111100000000000000000001101111100000001111111111001111111111111111000000
000000011111111111111111110000000000000000000111111110000000111111111101111111111111111011110
000000011111111111111111111100000000000000000111111111000000111111111101111111111111111111110
000000000001111111111111111100000000000000110111111111100000111111111101111111111111111111110
000000000000111111111111011111000000000001111111111111100000111111111111111111111111111111110
000000000000011111111111001111000000000001111111111111100000111111111111111111111111111111110
000000000000001110000011000111000000000000111111111111000000011111111111111111111111111111110
000000000000000110000011000011000000000000011111111111000000001111111111111111111111111111110
000000000000000000000000000000000000000000000000000000000000000000000000000000000000000000000
000000000000000000000000000000000000000000000000000000000000000000000000000000000000000000000
