1111111111111111111111111111111111111
1111111111111111111111111111111111111
1111111111111111111111111111111111111
1111111111111111111111111111111111111
1111111111111111111111111111111111111
1111111111111111111111111111111111111
1111111111111111111111111111111111111
1111111111111111111111111111111111111
1111111111111111111111111111111111111
1111111111111111111111111111111111111
1111111111111111111111111111111111111
1111111111111111111111111111111111111
1111110011111111111111111111111111111
1111110011111111111111111111111111111
1111110011111111111111111111111111111
1111110001111111111111111111111111111
1111111001111111111111111111111111111
1111111111111111111111111111100111111
1111111111111111111111111111100111111
1111111111111111111111111111101101111
1111111111111111111111111111111101111
1111111111101111111111111111111001111
1111111111100111111111111111110011101
1111111111110111111111111111111111001
1111111111110111111111111111111110001
1111111111111111111111111111111111011
1111111111111111111111111111111111111
1111111111111111111111111111111111111
1111111110011111111111111111111111111
1111111110011111111111111111111111111
1111111110011111111111111111111111111
1111111110011111111111111111111111111
1111111110011111111111111111111111111
1111111110111111111111111111111111111
1111111001111111111111111111111111111
1111100011111111111111111111111111111
1111100111111111111001111101111111111
1111001111111111011001111101111111111
1111011111111110001001111100111111111
0011111111111100000001111111111111111
0011111111111000000011111111111111111
1111111111110011110111111111111111111
1111111111100111111111111111111101111
1111111111001111111111111111111100111
1111111110011111111111111111111100011
1111111100111111111111111111111110001
1111110001111111111111111111111111000
1111110001111111111111111111111111100
1111110001111111111111111111111111100
1111111111111111111111111111111111110
1111111111111111111111111111111111111
1111111111111111111111111111111111111
1111111111111111111111111111111111111
1111111111111111111111111111111111111
1111111111111111111111111111111111111
1111111111111111111111111111111111111
