0000000000000000000000000000000000000000000000000000000000000000000000000000000000000000000000000000000000000000
0000000000000000000000000000000000000000000000000000000000000000000000000000000000000000000000000000000000000000
0000000000000000000000000000000000000000000000000000000000000000000000000000000000000000000000000000000000000000
0000000000000000000000000000000000000000000000000000000000000000000000000000000000000000000000000000000000000000
0000000000000000000000000000000000000000000000000000000000000000000000000000000000000000000000000000000000000000
0000000000000000000000000000000000000000000000000000000000000000000000000000000000000000000000000000000000000000
0000000000000000000000000000000000000000000000000000000000000000000000000000000000000000000000000000000000000000
0000000000000000000000000000000000000000000000000000000000000000000000000000000000000000000000000000000000000000
0000000000000000000000000000000000000000000000000000000000000000000000000000000000000000000000000000000000000000
0000000000000000000000000000000000000000000000000000000000000000000000000000000000000000000000000000000000000000
0000000000000000000000000000000000000000000000000000000000000000000000000000000000000000000000000000000000000000
0000000000000000000000000000000000000000000000000000000000000000000000000000000000000000000000000000000000000000
0000000000000000000000000000000000000000000000000000000000000000000000000000000000000000000000000000000000000000
0000000000000000000000000000000000000000000000000000000000000000000000000000000000000000000000000000000000000000
0000000000000000000000000000000000000000000000000000000000000000000000000000000000000000000000000000000000000000
0000000000000000000000000000000000000000000000000000000000000000000000000000000000000000000000000000000000000000
0000000000000000000000000000000000000000000000000000000000000000000000000000000000000000000000000000000000000000
0000000000000000000000000000000000000000000000000000000000000000000000000000000000000000000000000000000000000000
0000000000000000000000000000000000000000000000000000000000000000000000000000000000000000000000000000000000000000
0000000000000000000000000000000000000000000000000000000000000000000000000000000000000000000000000000000000000000
0000000000000000000000000000000000000000000000000000000000000000000000000000000000000000000110000000000000000000
0000000000000000000000000000000000000000000000000111111220000000000000000000000000000000001110000000000000000000
0000000000000000000000000000000000000011111110000111111221111111111111000000000000000000011110000000000000000000
0000000000000000000000000000000000011111111111000111111111111111111111000000000000000000111110000000000000000000
0000000000000000000000000000000000111111111111000111111111111111111111100000000000000011111000000000000000000000
0000000000000000000000000000000000111111111111111111111111111111111111100000000000000111110000000000000000000000
0000000000000000000000000000000001111111111111111111111111111111111111110000000000011111110000000000000000000000
0000000000000000000000000000000001111111111111111111111111111111111111110000000011111111000000000000000000000000
0000000000000000000111110000000011111111111111111111111111111111111111111111111111111110000000000000000000000000
0000000000000000000111110000000011111111111111111111111111111111111111111111111111111100000000000000000000000000
0000000000000000000111111111111111111111111111111111111111111111111111111111111111111000000000000000000000000000
0000000000011111111111111111111111111111111111111111111111111111111111111111111111100000000000000000000000000000
0000000000011111111111111111111111111111111111111111111222111111111111111111111111100000000000000000000000000000
0000000000011111111111111111111111111111111111111111112222211111111111111100000000000000000000000000000000000000
0000000001111111111111111111111111111111111111111111112222211111111111111000000000000000000000000000000000000000
0000000011111111111111111111111111111111111111111111112222111111111110000000000000000000000000000000000000000000
0000000011111111111111111111111111111111111111111222211222111111111110000000000000000000000000000000000000000000
0000001111111211111111111111111111121111111111112222211222111111111000000000000000000000000000000000000000000000
0000001111111212111111111111111111222211111111112222222222111111111000000000000000000000000000000000000000000000
0000011111112222111111111111111111002211111111111222222222211111000000000000000000000000000000000000000000000000
0011111111112222111111111111111111002211111111111222222222211111000000000000000000000000000000000000000000000000
0011111111112222111111111111111111002211111111111222200000000000000000000000000000000000000000000000000000000000
0011111111112222111111111111111110002211111111111100000000000000000000000000000000000000000000000000000000000000
0011111111112222111111111111111110000221111111111100000000000000000000000000000000000000000000000000000000000000
0011111111122222211111111111111110000021111111111100000000000000000000000000000000000000000000000000000000000000
0011111111122222211111111111111110000021111111111100000000000000000000000000000000000000000000000000000000000000
0011111111122200011111111111111110000001111111100000000000000000000000000000000000000000000000000000000000000000
0011111111122200011111111111111110000000001111100000000000000000000000000000000000000000000000000000000000000000
0011111111112100011111111111111110000000001100000000000000000000000000000000000000000000000000000000000000000000
0011111111111111111111111111111110000000001100000000000000000000000000000000000000000110000000000000000000000000
0011111111111111111111111111112220000000001100000000000000000000000000000000000000001111111111100000000000000000
0011111111111111111111111111112220000000022100000000000000000000000000000000000000001111111111111000000000000000
0011111111111111111111111111112220000000022000000000000000000000000000000000000000001111111111111000000000000000
0011111111111111111111111111112220000000122000000000000000000000000000000000000000001111111111111000000000000000
0011111111111111111111111111112220000000122000000000000000000000000000000000000000011111111111111111100000000000
0011111111111111111122221111121110000000120000000000000000000000000000000000000000011111111111111111110000000000
0011111122211111111122221111122110000000100000000000000000000000000000000000111110011111111111111111110000000000
0011111122221111111122222222222100000001100000000000000000000000000000000000111110011111111111111111111100000000
0011222222221111111122222222222000000001100000000000000000000000000000000000111110011111111111111111111110000000
0000222222221111111112222222220000000001100000000000000000000000000000000001111111111111111111111111111110000000
0000222222221111111112222200000000000001100000000000000000000000000000001111111111111111111111111111111110000000
0000022222221111221112200000000000000001100000000000000000000000000000001111111111111111111111111111111110000000
0000022222221122221000000000000000000001100000000000000000000000000000111111111111111111111111111111111110000000
0000002222221222221000000000000000000001100000000000000000000000000001111111111111111111111111111111111111111100
0000000000000000000000000000000000000001100000000000000000000000000011111111111111111111111111111111111111111100
0000000000000000000000000000000000000001100000000000000000000000000111111221111111111111111111111111111111111100
0000000000000000000000000000000000000000110000000000000000000001111111000221111111111111111111111111111111111100
0000000000000000000000000000000000000000111100000000000000001111111110000221111122111111111111111111111111111100
0000000000000000000000000000000000000000111110000000000000011111111100000000000122111111111111111111111111111100
0000000000000000000000000000000000000000111110000000000000011111111000000000000222111111111111111111111111111100
0000000000000000000000000000000000000000011111100000000000011111111000000000000000222221111111111111111111111100
0000000000000000000000000000000000000000011111110000000000011111110000000000000000222221111111111111111111111100
0000000000000000000000000000000000000000001111110000000220011111110000000000000000222221111111111111111111111100
0000000000000000000000000000000000000000001111111122222220011111100000000000000000222221111111111111111111111100
0000000000000000000000000000000000000000001111111222222211111111110000000000000000222221111111111111111111111100
0000000000000000000000000000000000000000000011111222222211111111111100000000000000000221111111111111111111111100
0000000000000000000000000000000000000000000001111122222111111111111100000000000000000221111111111111111111111100
0000000000000000000000000000000000000000000001111122222111111111111100000000000000000221111111111211111111111100
0000000000000000000000000000000000000000000001111111222211111111111100000000000000000221111111111222111111111100
0000000000000000000000000000000000000000000001111111221221111111111000000000000000000021111111112222111111111100
0000000000000000000000000000000000000000000001111111221111111111111000000000000000000001111111112222111111111100
0000000000000000000000000000000000000000000001111111222211111111111000000000000000000001111111112222111111211100
0000000000000000000000000000000000000000000001111111222211111112222000000000000000000000011111112222111111212200
0000000000000000000000000000000000000000000001111112222221111112222000000000000000000000001111112222211112222200
0000000000000000000000000000000000000001111011111112222221111122222000000000000000000000000022222222211112222200
0000000000000000000000000000000000000001111011111112222221111122222000000000000000000000000022222222211112222100
0000000000000000000000000000000000000001111011111112222221111112220000000000000000000000000000000000211111222100
0000000000000000000000000000000000000001111011111112222221111112220000000000000000000000000000000000211111222100
0000000000000000000000000000000000000001111111111112222211111112220000000000000000000000000000000000000000000000
0000000000000000000000000000000000001111111111111111222211111111120000000000000000000000000000000000000000000000
0000000000000000000000000000000000011111111111111111122111111111110000000000000000000000000000000000000000000000
0000000000000000000000000000000001111111111111111111122111111111110000000000000000000000000000000000000000000000
0000000000000000000000000000000001111111111111111111122111111111110000000000000000000000000000000000000000000000
0000000000000000000000000000000011111111111111111111122111111111110000000000000000000000000000000000000000000000
0000000000000000000000000000000011111111111111111111122111111112220000000000000000000000000000000000000000000000
0000000000000000000000000000001111111111111111111111122111111112220000000000000000000000000000000000000000000000
0000000000000000000000000000001111111111111111111111122111111112220000000000000000000000000000000000000000000000
0000000000000000000000000000002211111111111111111111122111111112220000000000000000000000000000000000000000000000
0000000000000000000000000000002211111111111111111111100111111112220000000000000000000000000000000000000000000000
0000000000000000000000000000002211111111111111111111100111111111220000000000000000000000000000000000000000000000
0000000000000000000000000000002211111111111111111111111111111111110000000000000000000000000000000000000000000000
0000000000000000000000000000002211111111111111111111111111111111110000000000000000000000000000000000000000000000
0000000000000000000000000000000001111111111111111111111111111111110000000000000000000000000000000000000000000000
0000000000000000000000000000000001111111111111111111111111111111110000000000000000000000000000000000000000000000
0000000000000000000000000000000001111111111111111111111111111111110000000000000000000000000000000000000000000000
0000000000000000000000000000000001111111111111111111111111111111110000000000000000000000000000000000000000000000
0000000000000000000000000000000001111111111111111111111111111111110000000000000000000000000000000000000000000000
0000000000000000000000000000000001111111111111111111111111111111110000000000000000000000000000000000000000000000
0000000000000000000000000000000001111111111111111111111111111111110000000000000000000000000000000000000000000000
0000000000000000000000000000000001111111111111111111111111111111110000000000000000000000000000000000000000000000
0000000000000000000000000000000001111112211111111111111111111111110000000000000000000000000000000000000000000000
0000000000000000000000000000000001111112221111111111111111111111110000000000000000000000000000001111000000000000
0000000000000000000000000000000001100000001111111111111111111111110000000000000000000000011100011111000000000000
0000000000000000000000000000000001100000000111211111111111111111110000000000000000000000011100011111111100000000
0000000000000000000000000000000022000000000022221111111111111111110000000000000000000001111111111111111110000000
0000111111200000000000000000000022000000000022221111111111111111220000000000000000000001111111111111111110000000
0011111111122200111000000000000022000000000022221111111111111111220000000000000000000001111111111111111111111100
0011111111112200111000000000000022000000000022221111111111111111220000000000000000000001111111111111111111111100
0011111111111111111000000000000022000000000000022211111111111111220000000000000000011111111111111111111111111100
0011111111111111111110000000000022000000000000011222111111111111120000000000000000111111111111111111111111111100
0011111111111111111110000000000022000000000000000222111111111111120000000000000000111111111111111111111111111100
0011111111111111111110000000000022000000000000000222111111111111120000000000000002211111111111111111111111111100
0011111111111111111111100000000022100000000000000222111111111111110000000000000001111111111111111111111111111100
0011111111111111111111100000000022100000000000000222111111111111111000000000000002111111111111111111111111111100
0011111111111111111111100000000002200000000000000222111111111111111000000000000002211111111111111111111111111100
0011111111111111111111100000000002200000000000000222111111111111111110000000000002211111111111111111111111111100
0011111111111111111111111111200002210000000000000000111111111111111110000000000112111111221111111111111111111100
0011111111111111111111111111200002210000000000000000111111111111111111112000001222000022221111111111111111111100
0011111111111111111111111111200000011000000000000000111112111111111111112222222220000022221111111111111111111100
0011111111111111111111111111200000011000000000000000111122222111111111112222222000000000002111111111111111111100
0011111111111111111111111111100000111120000000000000011122222111111111110000000000000000002111211111111111111100
0011111111111111111111111112200011111120000000000000011222222111111111110000000000000000000111222211111111111100
0011111111111111111111111112200011111122200000000000002222222111112211000000000000000000000002222211111111111100
0011111111111111111111111112200011111112200000000000002222222111112211000000000000000000000002222211111111111100
0011111111111111111111111112200011111112200000000000000002222111222000000000000000000000000000222111111111111100
0011111111111111111111111111200011111111100000000000000002222122220000000000000000000000000000022211111111111100
0011111111111111111111111111211111111111111120000000000002222222220000000000000000000000000000000211111111111100
0011111111111111111111111111111111111111111120000000000000000000000000000000000000000000000000000211111111111100
0011111111111111111111111111111111111111111120000000000000000000000000000000000000000000000000000211111111111100
0011111111111111111111111111111111111111111120000000000000000000000000000000000000000000000000000211111111111100
0011111111111111111111111111111111111111111220000000000000000000000000000000000000000000000000000212111111111100
0011111111111111111111111111111111111111112220000000000000000000000000000000000000000000000000000122221111111200
0011111111111111111111111111111111111111112220000000000000000000000000000000000000000000000000000122221111111200
0011111111111111111111111111111111111111112220000000000000000000000000000000000000000000000000000122222211111200
0011111111111111111111111111111111111111111220000000000000000000000000000000000000000000000000000002222211111200
0011111111111111111111111111111111111111111210000000000000000000000000000000000000000000000000000002222211111200
0011111111111111111111111111111111111111111111200000000000000000000000000000000000000000000000000000022211122200
0011111111111111111111111111111111111111111111210000000000000000000000000000000000000000000000000000022211122200
0011111111111111111111111111111111111111111111110000000000000000000000000000000000000000000000000000022211222200
0011111111111111111111111111111111111111111111110000000000000000000000000000000000000000000000000000022221200000
0011111111111221111111111111111111111111111111110000000000000000000000000000000000000000000000000000000021200000
0011111111111221111111111111111111111111111111111000000000000000000000000000000000000000000000000000000021200000
0011111111122221111111111111111111111111111111111000000000000000000000000000000000000000000000000000000001100000
0011111111222222111111111111111111111111111111221000000000000000000000000000000000000000000000000000000000000000
0011111111222222111111111111111111111111111111222000000000000000000000000000000000000000000000000000000000000000
0011111111222002111111111111111111111111221111222000000000000000000000000000000000000000000000000000000000000000
0011111111122002111111111111111111111111222211222000000000000000000000000000000000000000000000000000000000000000
0011111111121002111111111111111111111111222211220000000000000000000000000000000000000000000000000000000000000000
0011111111111002111111111111111111111111222211220000000000000000000000000000000000000000000000000000000000000000
0011111111111002111111111111111111111111222212220000000000000000000000000000000000000000000000000000000000000000
0011111111111111111111111111111111111111222222220000000000000000000000000000000000000000000000000000000000000000
0022111111111111111111111111111111111112222222220000000000000000000000000000000000000000000000000000000000000000
0022111111111111111111111111111111111112222222220000000000000000000000000000000000000000000000000000000000000000
0022111111111111111111111111111111111112222222220000000000000000000000000000000000000000000000000000000000000000
0000000000000000000000000000000000000000000000000000000000000000000000000000000000000000000000000000000000000000
0000000000000000000000000000000000000000000000000000000000000000000000000000000000000000000000000000000000000000
0000000000000000000000000000000000000000000000000000000000000000000000000000000000000000000000000000000000000000
0000000000000000000000000000000000000000000000000000000000000000000000000000000000000000000000000000000000000000
