111111111111111111111111111111111111111111111111111111111111111111111111111111111111111
111111111111111111111111111111111111111111111111111111111111111111111111111111111111111
111111111111111111111111111111111111111111111111111111111111111111111111111111111111111
111111111111111111111111111111111111111111111111111111111111111111111111111111111111111
111111111111111111111111111111111111111111111111111111111111111111111111111111111111111
111111111111111111111111111111111111111111111111111111111111111111111111111111111111111
111111111111111111111111111111111111111111111111111111111111111111111111111111111111111
111111111111111111111111111111111111111111111111111111111111111111111111111111111111111
111111111111111111111111111111111111111111111111111111111111111111111111111111111111111
111111111111111111111111111111111111111111111111111111111111111111111111111111111111111
111111111111111111111111111111111111111111111111111111111111111111111111111111111111111
111111111111111111111111111111111111111111111111111111111111111111111111111111111111111
111111111111111111111111111111111111111111111111111111111111111111111111111111111111111
111111111111111111111111111111111111111111111111111111111111111111111111111111111111111
111111111111111111111111111111111111111111111111111111111111111111111111111111111111111
111111111111111111111111111111111111111111111111111111111111111111111111111111111111111
111111111111111111111111111111111111111111111111111111111111111111111111111111111111111
111111111111111111111111111111111111111111111111111111111111111111111111111111111111111
111111111111111111111111111111111111111111111111111111111111111111111111111111111111111
111111111111111111111111111111111111111111111111111111111111111111111111111111111111111
111111111111111111111111111111111111111111111111111111111111111111111111111111111111111
111111111111111111111111111111111111111111111111111111111111111111111111111111111111111
111111111111111111111111111111111111111111111111111111111111111111111111111111111111111
111111111111111111111111111111111111111111111111111111111111111111111111111111111111111
111111111111111111111111111111111111111111111111111111111111111111111111111111111111111
111111111111111111111111111111111111111111111111111111111111111111111111111111111111111
111111111111111111111111111111111111111111111111111111111111111111111111111111111111111
111111111111111111111111111111111111111111111111111111111111111111111111111111111111111
111111111111111111111111111111111111111111111111111111111111111111111111111111111111111
111111111111111111111111111111111111111111111111111111111111111111111111111111111111111
111111111111111111111111111111111111111111111111111111111111111111111111111111111111111
111111111111111111111111111111111111111111111111111111111111111111111111111111111111111
111111111111111111111111111111111111111111111111111111111111111111111111111111111111111
111111111111111111111111111111111111111111111111111111111111111111111111111111111111111
111111111111111111111111111111111111111111111111111111111111111111111111111111111111111
111111111111111111111111111111111111111111111111111111111111111111111111111111111111111
111111111111111111111111111111111111111111111111111111111111111111111111111111111111111
111111111111111111111111111111111111111111111111111111111111111111111111111111111111111
111111111111111111111111111111111111111111111111111111111111111111111111111111111111111
111111111111111111111110000011111111111111111111111111111111111111111111111111111111111
111111111111111111111100000000111111111111111111111111111111111111111111111111111111111
111111111111111111110000000000000001111111111111111111111111111111111111111111111111111
111111111111111111100011111111100000111111111111111111111111111111111111111111111111111
111111111111111110001111111111110000111111111111111111111111111111111111111111111111111
111111111111111100011111111111111000111111111111111111111111111111111111111111111111111
111111111111111100111111111111111100111111111111111111111111111111111111111111111111111
111111111111111001111111111111111110011111111111111111111111111111111111111111111111111
111111111111110001111111111111111111011111111111111111111111111111111111111111111111111
111111111111100001111111111111111111011111111111111111111111111111111111111111111111111
111111111111100001111111111111111111011111111111111111111111111111111111111111111111111
111111111111100001111111111111111111011111111111111111111111111111111111111111111111111
111111111111100001111111111111111111011111111111111111111111111111111111111111111111111
111111111110000000111111111111111111000111111111111111111111111111111111111111111111111
111111111110000000111111111111111111000111111111111111111111111111111111111111111111111
111111111110000000011111111111111111000001111111111111111111111111111111111111111111111
111111111110000000011111111111111111000000111111111111111111111111111111111111111111111
111111111110000000000111111111111110000000011111111111111111111111111111111111111111111
111111111110000000000011111111111110000000001111111111111111111111111111111111111111111
111111111111000000000001111111111111000000000111111111111111111111111111111111111111111
111111111111000000000000111111111111000000000011111111111111111111111111111111111111111
111111111111000000000000000000000111000010000001111111111111111111111111111111111111111
111111111111100000000000000000000111000111000000111111111111111111111111111111111111111
111111111111100000000000000000000111101111000000011111111111111111111111111111111111111
111111111111110000000000000000000011101111100000011111111111111111111111111111111111111
111111111111111000000000000000000011111111100000011111111111111111111111111111111111111
111111111111111100000000000000000011111111100000011111111111111111111111111111111111111
111111111111111110000000000000000011111111110000111111111111111111111111111111111111111
111111111111111110000000000000000111111111110001111111111111111111111111111111111111111
111111111111111111000000000000001111100001111001111111111111111111111111111111111111111
111111111111111111100000000000001111100001111011111111111111111111111111111111111111111
111111111111111111111000000000001111100001111111111111111111111111111111111111111111111
111111111111111111111000000000001111100000111111111111111111111111111111111111111111111
111111111111111111111100000000001111100000111111111111111111111111111111111111111111111
111111111111111111111110000000000011110000111111111111111111111111111111111111111111111
111111111111111111111111000000000011110011111111111111111111111111111111111111111111111
111111111111111111111111100000000001110111111111111111111111111111111111111111111111111
111111111111111111111111110000000001111111111111111111111111111111111111111111111111111
111111111111111111111111111000000001111111111111111111111111111111111111111111111111111
111111111111111111111111111100000000111111111111111111111111111111111111111111111111111
111111111111111111111111111110000000111111111111111111111111111111111111111111111111111
111111111111111111111111111111111111111111111111111111111111111111111111111111111111111
111111111111111111111111111111111111111111111111111111111111111111111111111111111111111
111111111111111111111111111111111111111111111111111111111111111111111111111111111111111
111111111111111111111111111111111111111111111111111111111111111111111111111111111111111
111111111111111111111111111111111111111111111111111111111111111111111111111111111111111
111111111111111111111111111111111111111111111111111111111111111111111111111111111111111
111111111111111111111111111111111111111111111111111111111111111111111111111111111111111
111111111111111111111111111111111111111111111111111111111111111111111111111111111111111
111111111111111111111111111111111111111111111111111111111111111111111111111111111111111
111111111111111111111111111111111111111111111111111111111111111111111111111111111111111
111111111111111111111111111111111111111111111111111111111111111111111111111111111111111
111111111111111111111111111111111111111111111111111111111111111111111111111111111111111
111111111111111111111111111111111111111111111111111111111111111111111111111111111111111
111111111111111111111111111111111111111111111111111111111111111111111111111111111111111
111111111111111111111111111111111111111111111111111111111111111111111111111111111111111
111111111111111111111111111111111111111111111111111111111111111111111111111111111111111
111111111111111111111111111111111111111111111111111111111111111111111111111111111111111
111111111111111111111111111111111111111111111111111111111111111111111111111111111111111
111111111111111111111111111111111111111111111111111111111111111111111111111111111111111
111111111111111111111111111111111111111111111111111111111111111111111111111111111111111
111111111111111111111111111111111111111111111111111111111111111111111111111111111111111
111111111111111111111111111111111111111111111111111111111111111111111111111111111111111
111111111111111111111111111111111111111111111111111111111111111111111111111111111111111
111111111111111111111111111111111111111111111111111111111111111111111111111111111111111
111111111111111111111111111111111111111111111111111111111111111111111111111111111111111
111111111111111111111111111111111111111111111111111111111111111111111111111111111111111
111111111111111111111111111111111111111111111111111111111111111111111111111111111111111
111111111111111111111111111111111111111111111111111111111111111111111111111111111111111
111111111111111111111111111111111111111111111111111111111111111111111111111111111111111
111111111111111111111111111111111111111111111111111111111111111111111111111111111111111
111111111111111111111111111111111111111111111111111111111111111111111111111111111111111
111111111111111111111111111111111111111111111111111111111111111111111111111111111111111
111111111111111111111111111111111111111111111111111111111111111111111111111111111111111
111111111111111111111111111111111111111111111111111111111111111111111111111111111111111
111111111111111111111111111111111111111111111111111111111111111111111111111111111111111
111111111111111111111111111111111111111111111111111111111111111111111111111111111111111
111111111111111111111111111111111111111111111111111111111111111111111111111111111111111
111111111111111111111111111111111111111111111111111111111111111111111111111111111111111
111111111111111111111111111111111111111111111111111111111111111111111111111111111111111
111111111111111111111111111111111111111111111111111111111111111111111111111111111111111
111111111111111111111111111111111111111111111111111111111111111111111111111111111111111
111111111111111111111111111111111111111111111111111111111111111111111111111111111111111
111111111111111111111111111111111111111111111111111111111111111111111111111111111111111
111111111111111111111111111111111111111111111111111111111111111111111111111111111111111
111111111111111111111111111111111111111111111111111111111111111111111111111111111111111
111111111111111111111111111111111111111111111111111111111111111111111111111111111111111
111111111111111111111111111111111111111111111111111111111111111111111111111111111111111
111111111111111111111111111111111111111111111111111111111111111111111111111111111111111
111111111111111111111111111111111111111111111111111111111111111111111111111111111111111
111111111111111111111111111111111111111111111111111111111111111111111111111111111111111
111111111111111111111111111111111111111111111111111111111111111111111111111111111111111
