0000000000000000000000000000000000000
0000000000000000000000000000000000000
0000000000000000000000000000000000000
0000000000000111110111111000000000000
0000000000001111111111111100000000000
0000000000001111111100111100000000000
0000000000011110011100111100000000000
0000000000011100011111111100000000000
0000000000011100001111111100000000000
0000000000011100001010111100000000000
0000000000011100000000111100000000000
0000000000011100000000111100000000000
0000000000011100000000111100000000000
0000000000011100000000111100000000000
0000000000111110000000111110000000000
0000000000111111000000111110000000000
0011111111111111100000111111001011110
0111111111111111111111111111111111110
0110011111111111111111111111111111110
0111111111111111111111111111111101110
0111111111111110000001111111111101110
0111111111111100000000011111111111110
0111111111111100000000011111111111110
0111111111111100000000011111111111110
0111111110111100000000011111111111110
0111110000011110000000011111111111110
0111100000011110000000011111100111110
0111100000011110000000011111100111110
0111100000011111111111111111100011110
0111100000011111111111111111100011110
0011100000011111111111111111110011111
0000000000011110000101011111110001111
0000000000111100000000000111110001111
0000000000111100000000000111110001110
0000000000111100000000000111110000000
0000000000111100000000000111110000000
0000000000111100000000001111110000000
0000000000111110000000001111110000000
0000000011111110000000001111110000000
0000000111111111111111111111110000000
0000000100111111111111111111111000000
0000000100111111111111111111111000000
0000000111111101111111111111111000000
0000000111111000111110011111111000000
0000000111111000111100001111111000000
0000000111111000111000001111111000000
0000000111111000000000001111111000000
0000000111111000000000001111111000000
0000000111111000000000001111111000000
0000000111111000000000001111111000000
0000000111111000000000001111111000000
0000000111111000000000001111111000000
0000000011111000000000001111111000000
0000000011111000000000001111110000000
0000000011111000000000000001000000000
0000000000000000000000000000000000000
