0000000000000000000000000000000000000
0000000000000000000000000000000000000
0000000000001010000000000000000000000
0000000000011111100000000000000000000
0000000000011111000000000000000000000
0000000000111111000000000000000000000
0000000001111111000000000000000000000
0000000000111111000000000000000000000
0000000000111110000000000000000000000
0000000100111100000000000000000000000
0000000111111100000000000000000000000
0000001111111000000011110011111000000
0000011111110000000111111111111100000
0000011111110000011111111111111111000
0000011111110000111111111111100111000
0000011111111000111111111111100111000
0000111111111111111111111111111111000
0000111111111111111111111111111111000
0000111111111111111111110000111111000
0000111111111111111001100000111111000
0000111111111111111000000000111111100
0000111111000000110000000000111111100
0000111111000000000000000000011111100
0000111111000000000000000000011111100
0000111111000000000000000000011111100
0000111111000000000000000000111111100
0000111111000000000000000000111111100
0000111111000000000000000000111111100
0000111111000000000111010000111111100
0000111111000001001111111111111111100
0000111111000001001111111111111111100
0000111111111111001111111111111111100
0000111111111111111111111111111111100
0000111111111111111111111111111111100
0000111111111111111111111111111111100
0000111111111111111111111111111111100
0000111111111110001110110011111111100
0000111111110000000000000000111111100
0000111111110000000000000000111111100
0000111111110000000000000000111111100
0000111111100000000000000000111111100
0000111111100000000000000000111111100
0000111111100000000000000000111111100
0000111111100000000000000001111111100
0000011111100000000000000001111111100
0000011111100000000000000111111111000
0000011111100000000000000111111111000
0000001111111000000000001111111111000
0000000111111101111101111111111110000
0000000111111111111111111111111110000
0000000011111111111111101111111100000
0000000000111111111111101111111000000
0000000000011111111111111111110000000
0000000000001111111111111111100000000
0000000000000000000011111111000000000
0000000000000000000001111110000000000
