0000000000000000000000000000000000000000000000000000000000000000000000000000000000000000000000000000000000000000
0000000000000000000000000000000000000000000000000000000000000000000000000000000000000000000000000000000000000000
0000000000000000000000000000000000000000000000000000000000000000000000000000000000000000000000000000000000000000
0000000000000000000000000000000000000000000000000000000000000000000000000000000000000000000000000000000000000000
0000000000000000000000000000000011111111111111111111111111111111000000000000000000000000000011111111111111111000
0000000000000000000000000000000011111111111111111111111111111111000000000000000000000000000011111111111111111000
0000000000000000000000000000000011111111111111111111111111111111111000000000000000000000000111111111111111111000
0000000000000000000000000000000011111111111111111111111111111111111000000000000000000000001111111111111111111000
0000000000000000000000000000000111111111111111111111111111111111111000000000000000000000011111111111111111111000
0000000000000000000000000000000111111111111111111111111111111111111000000000000000000000011111111111111111111000
0000000000000000000000000001111111111111111111111111111111111111111000000000000000000000111111111111111111111000
0000000000000000000000000001111111111111111111111111111111111111111000000000000000000000111111111111111111111000
0000000000000000000000000001111111111111111111111111111111111111100000000000000000000000111111111111111111111000
0000000000000000000000011111111111111111111111111111111111111110000000000000000000000000011111111111111111111000
0000000000000000000000011111111111111111111111111111111111111110000000000000000000000000011111111111111111111000
0000000000000000000000011111111111111111111111111111111111111100000000000000000000000000001111111111111111111000
0000000000000000000000101111111111111111111111111111111000000000000000000000000000000000000111111111111111111000
0000000000000000000000110111111111111111111111111111111000000000000000000000000000000000000011111111111111111000
0000000000000000000000111111111111111111111111111111111000000000000000000000000000000000000001111111111111111100
0000000000000000000110011111111111111111111111111111111000000000000000000000000000000000000001111111111111111100
0000000000000000001111111111111111111111111111111111111000000000000000000000000000000000000000000011111111111100
0000000000000000001111111111111111111111111111111111111000000000000000000000000000000000000000000011111111111100
0000000000000000001111111111111111111111111111111111110000000000000000000000000000000000000000000011111111111100
0000000000000001111111111111111111111111111111111111110000000000000000000000000000000000000000000011111111111100
0000000000000111111111111111111111111111111111111111110000000000000000000000000000000000000000000001111111111100
0000000000000111111111111111111111111111111111111111110000000000000000000000000000000000000000000001111111111000
0011100000000111111111111111111111111111111111000000000000000000000000000000000000000000000000000011100000111000
0011111111111111111111111111111111111111111111000000000000000000000000000000000000000000000000000011100000111100
0011111111111111111111111111111111111111111110000000000000000000000000000000000000000000000000000111100000111100
0011111111111111111111111111111111111111111110000000000000000000000000000000000000000000000000000111100000111100
0011111111111111111111111111111111111111111110000000000000000000000000000111111000000000000000000111000000111100
0011111111111111111111111111111111111111111110000000000000000000000000000111111000000000000000001110000000111100
0001111111111111111111111111111111111111111110000000000000000000000000000111111000000000000000001100000000000000
0001111111111111111111111111111111111111111110000000000000000000000000000111111000000000000000011100000000000000
0001111111111111111111111111111111111111110000000000000000000000000000000111111000000000000000011000000000000000
0001111111111111111111111111111111111111110000000000000000000000000000000111111000000000000000111000000000000000
0001111111111111111111111111111111111111000000000000000000000000000000000111111000000000000001110000000000000000
0001111111111111111111111111111111111111100000000000000000000000000000000111111000000000000011110000000000000000
0001111111111111111111111111111111100111110000000000000000000000001111111111111000000000000011100000000000000000
0001111111111111111111111111111111000011110000000000000000000000001111111111111000000000000111100000000000000000
0001111111111111111111111111111111000001110000000000000000000000011111111111100000000000001111000000000000000000
0001111111111111111111111111111110000001111000000000000000000000011111111111100001000000011100000000000000000000
0001111111111111111111111111111110000000111000000000000000000000011111111111111111000000111100000000000000000000
0001111111111111111111111111111100000000111100000000000000000000011111111111111111000011111000000000000000000000
0001111111111111111111111111111000000000111110000000000000000000011111111111111111111111110000000000000000000000
0001111111111111111111111111111000000000011110000000000000000000011111111111111111111111000000000000000000000000
0001111111111111111111111111111000000000011110000000000000000000011111111111111111111110000000000000000000000000
0001111111111111111111111111110000000000011111000000000000000011111111111111111111111000000000000000000000000000
0001111111111111111111111111100000000000001111000000000000000111111111111111111111000000000000000000000000000000
0001111110001111111111111000000000000000001111000000000000000111111111111111111111000000000000000000000000000000
0001111110001111111111110000000000000000001111100000000000011111111111111111111111110000000000000000000000000000
0000000000001111111111100000000000000000001111100000000000011111111111111111111111110000000000000000000000000000
0000000000001111111100000000000000000000000111100000000011111111111111111111111111110000000000000000000000000000
0000000000000011111000000000000000000000000111100000000011111111111111111111111111111111110000000000000000000000
0000000000000011111000000000000000000000000111100000001111111111111111111111111111111111111110000000000000000000
0000000000000001110000000000000000000000000111100000001111111111111111111111111111111111111110000000000000000000
0000000000000000000000000000000000000000000111100000001111111111111111111111111111111111111110000000000000000000
0000000000000000000000000000000000000000000111100011111111111111111111111111111111111111111110000000000000000000
0000000000000000000000000000000000000000000111100011111111111111111111111111111111111111111110000000000000000000
0000000000000000000000000000000000000000000111100011111111111111111111111111111111111111111100000000000000000000
0000000000000000000000000000000000000000000111100011111111111111111111111111111111111111111100000000000000000000
0000000000000000000000000000000000000000000111100011111111111111111111111111111111111111111100000000000000000000
0000000000000000000000000000000000000000000111100011111111111111111111111111111111111111111100000000000000000000
0000000000000000000000000000000000000000000111100011111111111111111111111111111111111111111110000000000000000000
0000000000000000000000000000000000000000000111100011111111111111111111111111111111111111111111000011111111000000
0000000000000000000000000000000000000000000111100011111111111111111111111111111111111111111111100011111111000000
0000000000000000000000000000000000000000000111100001111111111111111111111111111111111111111111110011111111011100
0000000000000000000000000000000000000000000111100001111111111111111111111111111111111111111111111111111111011100
0000000000000000000000000000000000000000001111100001111111111111111111111111111111111111111111111111111110111100
0000000000000000000000000000000000000000001111001111111111111111111111111111111111111111111111111111111101111100
0000000000000000000000000000000000000000001111001111111111111111111111111111111111111111111111111111111111111100
0000000000000000000000000000000000000000001111001111111111111111111111111111111111111111111111111111111111111100
0000000000000000000000000000000000000000011111001111111111111111111111111111111111111111111111111111111110111100
0000000000000000000000000000000000000000011110001111111111111111111111111111111111111111111111111111111111011100
0000000000000000000000011110000000000000011110111111111111111111111111111111111111111111111111111111111111111100
0000000000000000000000011111111110000011111110111111111111111111111111111111111111111111111111111111111111110000
0000000000000000000000011111111111110011111111111111111111111111111111111111111111111111111111111111111111111100
0000000000000000000000011111111111110011111111111111111111111111111111111111111111111111111111111111111111111100
0000000000000000000000011111111111110011111111111111111111111111111111111111111111000000000001111111111111111100
0000000000000000000000011111111111110011111111111111111111111111111111111111111111000000000000011111111111111100
0000000000000000000000011111111111110011111111111111111111111111111111111111111110000000000000001111111111111100
0000000000000000000000011101111111110011111111111111111111111100000111111111111100000000000000000011111111111100
0000000000000000000000011101111111110011111111111111111111111100000111111111111100000000000000000011111111111000
0000000000000000000000111111111111110011111111111111111111111100001111111111111100000000000000000000111111110000
0000000000000000000001111111111111110011111111111111111111111111111111111111111100000000000000000000011111000000
0000000000000000000001111111111111110011111111111111111111111111111111111111111100000000000000000000011110000000
0000000000000000001111111111111111110000111111111111111111111111111111111111111100000000000000000000000000000000
0000000000000000001111111111111111110000111111111111111111111111111111111111111100000000000000000000000000000000
0000000000000000001111111111111111110000111111111111111111111111111111111111111000000000000000000000000000000000
0000000000001110111111111111111111110000111111111111111111111111111111111111111000000000000000000000000000000000
0000000000001111111111111111111111100011111111111111111111111111111111111111100000000000000000000000000000000000
0000000000001111111111111111111111100011111111111111111111111111111111111110000000000000000000000000000000000000
0000000001111111111111111111111111100111111111111111111110011111111111111100000000000000000001000000000000000000
0000001111111111111111111111111111100111111111111111111110011111111111111100000111000000000001100000000000000000
0000001111111111111111111111111111100111111111111111111111111111111111111100001111000000000001110000000000000000
0000001111111111111111111111111111100111111111111111111111111111111111111000001111000000000001110000000000000000
0000001111111111111111111111111111100111111111111111111111111111111111111000000111100000000011110000000000000000
0000001111111111111111111111111111100111111111111111111111111111111111100000000011110000001111100000000000000000
0000001111111111111111111111111111000111111111111111111111111111111111000000000001111000011111000000000111100000
0000001111111111111111111111111111000111111111111111111111111111111110000000000001111100011111000000000111100000
0000001111111111111111111111111111000111111111111111111111111111111100000000000011111111111111100000000111100000
0000001111111111111111111111111111000111111111111111111111111111111100000000000011111111111111100000000111100000
0000001111111111111111111111111110000111111111111111111111111111111000000000000011111111110111100000111111100000
0000001111111110011111111111111110000111111111111111111111111111110000000000000111100111100111110001111111100000
0000001111111110011111111111111110000001111111111111111111111111100001111111100111100001000011110011111111110000
0000001111111111111111111111111110000001111111111111111111111111100001111111111111100000000011111111111111110000
0000001111111111111111111111111110000001111111111111111111111111000001111111111111000000000001111111111111111100
0000001111111111111111111111111110011111111111111111111111111111000001111111111111000000000001111111111111111100
0000001111111111111111111111111111111111111111111111111111111111000001111111111110000000000001111111111111111100
0000001111111111111111111111111111111111111111111111111111111111000001111111111111000000000001111111111111111100
0000001111111111111111111111111111111111111111111111111111111111000000111111111111100000000011111111111111111100
0000001111111111111111111111111111111111111111111111111111111111000000011111111111110000000111111111111111111100
0000001111111111111111111111111111111111111111111111111111111110000000001111111111111000000111111111111111111100
0000001111111111111111111111111111111111111111111111111111111110000000001111111111111100000111111111111111111100
0000001111111111111111111111111111111111111111111111111111100000000000001111111111111110000111111111111111111100
0000000111111111111111111111111111111111111111111111111111100000000000001111111111111111001111111111111111111100
0000000111111111111111111111111111111111111111111111111111100000000000000000011111111111111111111111111111111100
0000001111111111111111111111111111111111111111111111111111110000000000000000011111111111111111111111111111111100
0000001111111111111111111111111111111111111111111111111111110000000000000000011111111111111111111111111111111100
0000001111111111111111111111111111111111111111111111111111110000000000000000000111111111111111111111111111111100
0000001111111111111111111111111111111111111111111111111111111000000000000000000000111111111111111111111100011100
0000001111111111111111111111111111111111111111111111111111111000000000000000000000111111111111111111111110011100
0000001111111111111111111111111111111111111111111111111111111000000000000000000000111111111111111111111111111100
0000001111111111111111111111111111111111111111111111111111111000000000000000000000000111111111111111111111111100
0000000000011111111111111111111111111111111111111111111111111000000000000000000000000011111111111111111111111100
0000000000011111111111111111111111111111111111111111111111111000000000000000000000000011111111111111111111111100
0000000000000011111111111111111111111111111111111111111111111000000000000000000000000000001111111111111111111100
0000000000000011111111111111111111111111111111111111111111111000000000000000000000000000001111111111111111111100
0000000000000011111111111111111111111111111111111111111111111000000000000000000000000000000111111111111111111100
0000000000000011111111111111111111111111111111111111111111111000000000000000000000000000000111111111111111111100
0000000000000011111111111111111111111111111111111111111111111000000000000000000000000000000011111111111111111100
0000000011111111111111111111111111111111111111111111111111111000000000000000000000000000000011111111111111111100
0000000011111111111111111111111111111111111111111111111111110000000000000000000000000000000011111111111111111100
0000000011111111111111111111111111111111111111111111111111110000000000000000000000000000000011111111111111111100
0000000011111111111111111111111111111111111111111111111111110000000000000000000000000000000111000000001111111000
0000000011111111111111111111111111111111111111111111111111111000000000000000000000000000000111000000001111111000
0000000011111111111111111111111111111111111111111111111111111111000000000000000000000000001111000000001111111100
0000000011111111111110011111111111111111111111111111111111011111111000000000000000000000001110000000001111111100
0000000011111111111110001111111111111111111111111111111111111111111000000000000000000000011110000000001111111100
0000001111111111111100001111111111111111111111111111111111111111111000000000000000000000011100000000001111111100
0000001111111111111100011111111111111111111111111111111111111111111000000000000000000000111000000000001111111100
0000001111111111111100011111111111111111111111111111111111111111111000000000000000000000111000000000001111111100
0000001111111111111111111111111111111111111111111111111111111111111000000000000000000001110000000000000000111100
0000001111111111111111111111111111111111111111111111111111111111111111110000000000000001100000000000000000111100
0000001111111111111111111111111111111111111111111111111111111111111111110000000000000011100000000000000000000000
0000001111111111111111111111111111111111111111111111111111111111111111110000000000000111100000000000000000000000
0000001111111111111111111111111111111111111111111111111111111111111111110000000000001111000000000000000000000000
0000001111111111111111111111111111111111111111111111111111111111111111110000000000011111000000000000000000000000
0000001111111111111111111111111111111111111111111111111111111111111111110000000000011110000000000000000000000000
0000001111111111111111111111111111111111111111111111111111111111111111110000000000111000000000000000000000000000
0000001111111111111111111111111111111111111110011111111111111111111111111111000011110000000000000000000000000000
0000001111111111111111111111111111111111111110011111111111111111111111111111011111100000000000000000000000000000
0000001111111111111111111111111111111111111110001111111111111111111111111111111111000000000000000000000000000000
0000001111111111111111111111111111111111111110001111111111111111111111111111111100000000000000000000000000000000
0000001111111111111111111111111111111111111100000011111111111111111111111111111000000000000000000000000000000000
0000001111111111111111111111111111111111111100000011111111111111111111111111100000000000000000000000000000000000
0000001111111111111111111111111111111111111000000011111111111111111111111110000000000000000000000000000000000000
0000001111111111111111111111111111111111111000000000011111111111111111111110000000000000000000000000000000000000
0000001111111111111111111111111111111111111000000000011111111111111111111111000000000000000000000000000000000000
0000001111111111111111111111111111111111111000000000011111111111111111111111000000000000000000000000000000000000
0000001111111111111111111111111110011111111000000000000111111111111111111111000000000000000000000000000000000000
0000001111111111111111111111111110011111110000000000000111111111111111111111000000000000000000000000000000000000
0000001111111111111111111111111110011111110000000000000001111111111111111111000000000000000000000000000000000000
0000001111111111111111111111111110011111100000000000000001111111111111111111000000000000000000000000000000000000
0000000000000000000000000000000000000000000000000000000000000000000000000000000000000000000000000000000000000000
0000000000000000000000000000000000000000000000000000000000000000000000000000000000000000000000000000000000000000
0000000000000000000000000000000000000000000000000000000000000000000000000000000000000000000000000000000000000000
0000000000000000000000000000000000000000000000000000000000000000000000000000000000000000000000000000000000000000