0000000000000000000000000000000000000
0000000000000000000000000000000000000
0000000000000000000000000000000000000
0000000000000000000000000000000000000
0011111011111111111111111111101111100
0011111011111111111111111111101111100
0011110011111111111111111111101111100
0011111111111111111111111111111111100
0011111111111111111111111111111111100
0011111111111111111111111001111111100
0011111111111111111111111001111111100
0011111111111111111111111111111111100
0011111111111111111111111111111111100
0011111111111111111111111111111111100
0011111111111111111111111111111111100
0011111111111111110011111111111111100
0011111111111111110011111111111111100
0011111111111111100001111111111111000
0011111111111111001100111111111111000
0011111111111111011110111111111111100
0011111111111111111111111111111111100
0011111111111011111111110111111111100
0011111111110011111111110011111111100
0011111111100111111111111011111111100
0011111111100111111111111000111111100
0011111100000111111111111000001111100
0011111111100011111111110001111111100
0011111111110011111111110011111111100
0011111111111111111111111111111100000
0011111111111111111111111111111110000
0011111111111110001100111111111111100
0011111111111110000000011111111111100
0000111111111111100001111111111111100
0000011111111111110011111111111111100
0011111111111111110011111111111111100
0011111111111111110011111111111111100
0011111111111111111111111111111111100
0011111111111111111111111111111111100
0011111111111111111111111111111111100
0011111111111111111111111111111111100
0011111111101111111111111111111111100
0011111111100111111111111111111111100
0011111111111111111111111111111111100
0011111111111111111111111111111111100
0011111001111111111111111111100111100
0011111111111111111111111111111111100
0011111111111111111111111111111111100
0011111111111111111111111111111111100
0011111111111111111111111111111111100
0011111111111111111111111111111111100
0011111111111111100011111111111111100
0011111111111111100011111111111111100
0000000000000000000000000000000000000
0000000000000000000000000000000000000
0000000000000000000000000000000000000
0000000000000000000000000000000000000
