00000000001100000000000000000000011000000000000000
00000000011100000000000000000000011000000000000000
00000000111100000000000000000000110000000000000000
10000001111000000000000000000001120000000000000000
11000011111000000000000000000011200000000000000000
11100111111000000000000110000112000000000000000000
11111111111001100000000110001122000000000000000000
11111111111011100000000111011122200000000000000000
11111111111011100000001111111112220020000000000000
11111111110111000000011111111112220220000000000000
21111111110111000000111111111112222200000000000000
22222111101110011001111111111111001200000000000000
22222111111110111011111111111122021221000000000000
00022111111101111111111221111112121221100120000000
00022211111111111111111222111112121221100120000000
00021111111111111111112222111112121001101120000000
00111111111111111111112222111110121111111100000000
01112111121111111111112222111120121111111100000000
11112111121111111111112222111121121122111102000000
11100011121111111111112222111121101122221122100000
20010002121111111111111001121121111102221122100000
21111112221111111111111001121101111102221122120000
01111110021111111111111111121111111121211200122000
01111110021111111111111111121111111121211211112000
01111111001111111111111111101111111121011211112211
01212211001111111111111111111111121121111211110011
01212211011111111111111111111111121121111011110011
11212011011111111111111111111111121101111011111111
11000001011111111111111111111111121112221111111111
11000001111111111111111111111111121122221111112211
10000000111111111111111111111111101122221111112211
11010010111111111111111221111111111122221111112211
22111111111111111111111222111111111122221111110002
02111111112111111111111222111111111122221111120000
00111111122211111111111222221111111110011112200000
00111111222222111111112002221111111110011112000000
00011111220000111111220000022111111111111112000000
00001111200000111111200000022111111111111112000000
00002211000000111111200000000222111111111111000000
00000211000000111111100000000022111111111120000000
00000111100001111111100000000002111111111120000000
00000111100111111111100000000001111111111110000000
00000111110111111121100000000001111111111110000000
00000011111111111222120000000001111112211110000000
00000001111111122200221000000001111112211110000000
00000001111111122000221100000001111112221110000000
00000011111111122000011100000011111112222211000000
00000111111111120000011110000111111122022221100000
00000111111121100000011111001111122200002221110000
00101111111221110000011111111111122200002221111000
00111111112221111001111111111111112000000002111100
00111111122001111111111111111111112000000002222110
11211111120001111111111111111111111000000000222111
22211111120001111111111121111111111000000000021111
02121111100001111111111122111111111000000000021111
02121111200001111111111222111111111000000000011111
00221111000011111111112222111111111000000000011111
00221111100111111111122222211111111100000000011112
00211111111111111111122000221111111110000000011110
00211111111111111111200000022211111111000000011220
00001111111111111112000000002211111111100000112200
00001111111111111200000000002111111111110001112200
00001111111111111200000000000111111111111011112000
00001111111111111200000000000211111111111111120000
00000111111111111000000000000021111111111122200000
00000111111122111000000000000001111112111122000000
00000011111122200000000000000001111112121110000000
00000001111222200000000000000001111222221110000000
00000001111222220000000000000011111222221110000000
00000001111200220000000000100111111220021110000000
00000001111000011011000000110111111200001000000000
00000001110000001111000000111111111000000000000000
00000001110000001110000000111111110000000000000000
00000001110000000110000000111111110000000000000000
00000000110000000111000001111111110000000000000000
