000000000000000000000000000000000000000000000000000000000000000000000000000000000000000000000
000000000000000000000000000000000000000000000000000000000000000000000000000000000000000000000
000000000000000000000000000000000000000000000000000000000000000000000000000000000000000000000
000000000000000000000000000000000000000000000000000000000000000000000000000000000000000000000
000000000000000000000000000000000000000000000000000000000000000000000000000000000000000000000
000000000000000000000000000000000000000000000000000000000000000000000000000000000000000000000
000000000000000000000000000000000000000000000000000000000000000000000000000000000000000000000
000000000000000000000000000000000000000000000000000000000000000000000000000000000000000000000
000000000000000000000000000000000000000000000000000000000000000000000000000000000000000000000
000000000000000000000000000000000000000000000000000000000000000000000000000000000000000000000
000000000000000000000000000000000000000000000000000000000000000000000000000000111100000000000
000000000000000000001000000000000000000000000000000000000000000000000000000000111110111100000
000000000000000011111110000000000000000000000000000000000000000000000000000000111110111100000
000000000000011111111110000000000000000000000000000000000000000000000000011100011111111111100
000000000000011111111111100000000000000000000000000000011000110000000000011110001011101111100
000000000000011111111111110000000000000000000000000000011011111100000000011110000011111111100
000000000000011111111111110000000000000000000000000000011111111100000010111110000111111111100
000000000000111001111111110000000000000000000000000000011111111100001011111110001111111101100
000001111000111011111111110000000000000000000000000000011111111100011111111110011111111111000
000001111111110011111111110000000000000000000000000000011111111100011111111111011111111111000
000001111111100001111111110000000000000000000001110000011110011100011111111111111111111111100
000011111111001001111111110000000000000000000001110100011110011100011111111111111111111111100
000011111110111001111111110000000000001100000001110110011111111100001111111111111111111111100
000011111110111111111111111100110000001100000000111111011111111100000111111111111111111101100
000011111111111111111111111100111001111100000000011111111111111100000001111111111111111100100
000011111111111111111111111101111101111000000000111111111111111000000001111111111111111000000
000001111111111111111111111101111110111000000001111111111111110000000011111111111111110000000
000001111111111111111111111101111110011100000111111111111111110000000111111111111111110000000
000000001111111111111111111100111110011111111111111111111111100000000111111111111111111000000
000000000111111111111111111100011100011111111111110111111111000000001111111111111111111100000
000000000111111111111111111100001100011111111111100011111110000000001111110111111111111100000
000000001111111111111111111110000000001100011111000001111100000000011111110011111111111100000
000100001111111001111011111111000000000100111110000000111100000000011111100000111111111100000
011111111111100001111011111111110000000000111100000001111100000000111111100001111111111100000
011111111111000000110001111111110000000000111000000001111110000000111111000001111111111100000
011111111110000000000001111111111000000000000000011011101111000001111111000011111111111000000
011111111000000000000001111111111000000000000001111111100111111001111110000011111111111000000
011111111000000000000110111111111010000000000001111111000011111111111110000111111101110000000
011111111100000000000111011111111110100000000000111110000011111111111100000111111000000000000
011111111100000000000111101111111110100010000000011100000111111111111100001111111000000000000
011111111100000000000111110111111111100111000000001000000111111111110000001111110000000000000
011111111000000000001111111011111111111111000000000000000111111111110000001111110000000000000
011111111000000000001111111101111111111110000000000000000111111111110000011111100000000000000
011111111100000000011111111110111111111110000000000000001111111111111000011111100000000000000
001111111110000000011111111110011111111110000000000000001111111111111100011111000010000000000
000100111110000000001111111110011111111100000000000000000111111111111110111110000110000000000
000000111110000000000111111101101111111100000000000000000011111111111111111110001110000000000
000000011110000000000011111101110111111110000000000000000001111111111111111110011110000000000
000000001110000000000001111101110011111111000000000000000000111111111111111111111110000000000
000000000110000000000000111011110001111111100000000000000000011111111111111111111110000000000
000000000110011000100000011011110000111111110000000000000001111111111111111111111111000000000
000000000111111111100000001011110000011111111000000000000011111111111111111111111111110000000
000000000111111111100000000011110000001111111110110000000111110011111111000000011111110000000
000000000111111111100000000001110000000111111111111100000111101111111110000000011111110000000
000000000111111111100010000000110000000111111111111100101111011110011110000000011111100000000
000000000111111111100010000000000000000111111111111111111110111100001100000000011111100000000
000000000011111111100111000000000000000111111111111111111110111000000000000000011111000000000
000000000001111111111111000000000000000011111111111111111101110000000000000000011111000000000
000000000000111111111111000000000000000011111111111111111111110000000000000000111111000000000
000000000000011111111110000000000000111111111111111111111111110000000000000000111111000000000
000000000100001111111110000000000001111111111111000111111111100000000000000000011110000000000
000000011110000111111111000111000011111111111100000011111111110000000000000010111110000000000
000001111111000011111111100111000111111111111011111101111111110000000000000011111110000000000
000011111111100001111111101111001111111111110111111110111111111100000000000011111110000000000
000111111111110000111111111110000111111111110111111111011111111110000000000011111100000000000
000111111111110000011111111100100111111111101111111111011111111110000000000000111000000000000
000111111111110000111111111001111111111111001111111111101111111110000000000000000000000000000
001111111111110000111111110011111111111110001111111111100111111110000000000000000000000000000
001111111111110000111111110011111111111100000111111111000011111110000000000000000000000000000
000111111111110000111111111101111111111000000011111111000000111100000000000000000000000000000
000011111111111000011111111110111111110000000001111111100000011100000000000000000000000000000
000001111111111000011111111111011111110000000000111111100000111100000000000000000000000000000
000000100011111100001111111111101111110000000000000011110000111100000000000000000000000000000
000000000011111100000111111111110111110100000000000011110001111100000000000000000000000000000
000000000001111100000111111111100111111110000000000001110001111100000000000000000000000000000
000000000001111100000011111111101111111111000000000001111011111100000000000000000000000000000
000000000001111110000000011110001111111111100000000000111111111100000000000000000000000000000
000000000000011110000000011110001111111111110000000000111111111100000000000000000000000000000
000000000000011111000000000110011111111111111000000000111111111111000000000000000000000000000
000000000000011111000000000111111111111111111100000000111111111111000000000000000000000000000
000000000000011111100000011111111111111111111110000111111111011111100000000000000000000000000
000000000000001111100000011111111111111111111111001111111110001111110000000000000000000000000
000000000000001111100000011111111111111111111111111111111110001111110000000000000000000000000
000000000000001111110000011111111111111111100011111111111110001111110000000000000000000000000
000000000000000111111000011111111111111111000001111111111111111111111000000000000000000000000
000000000000000111111100011111111111111110000000111111111111111111111011000000000000000000000
000000000000000111111110111111111111111100000000011111111111111111111111000000000000000000000
000000000000000011111110111111111111111000000000000111111111111111111111000000000000000000000
000000000000000111111110111111111111110000000000000111111111111111111111000000000000000000000
000000001110001111011110111111111111100000000000000111111111111111111111000000000000000000000
000000001111111111001111101111111111100000000000000110111111111111111111100000000000000000000
000000011111111110000111101111111111000000000000100110011111111111111111110000000000000000000
000000111111111100000011111111111111000000000000111100001111111111111111111111100000000000000
000001111111111000000011111101111110000000000111111100000111111111111111111111111100000000000
000111111111111000000111111101011100000000000111111100000011111111111111111111111111000000000
000111111111111000000111111111011000000000000111111100000011111111111111111111111111110000000
000111101111111000001111101111110000000000000111111100000001111111111111111111111111111000000
000111111111111000001111101111110000000000000011111100000001111111111111111111111111111100000
000011111111111000011111100111111100000000000001111000000001111111111111111111111111111110000
000001111111111000011111000011111110000000000000011000000000111111111111111111111111111110000
000000111111111000111111000001111111000000000000001000000000111111111111111111111111111110000
000000011111111100111110000000111111100000000000001000000000111111111111111111111111111110000
000000001000111100111110000000011111110000000000001000000000111111111111111111111111111110000
000000000000111111111100000000001111111000000000000000000000111111111111111111111111111110000
000000000000011111111100000000000111111100000000000000000000111111111111111111111111111110000
000000000000011111111100000000000011111110000000000000000000111111001111111111111111111110000
000000000000011111111000000000000001111111000000000000000000111111000111111111111111111110000
000000000000011111111000000000000000111111000000000000000000111110000111111111111111111110000
000000000000111111111000000000000000001111000000000000000000111110000111111111111001111111000
000000000001111111111100000000000000001111000000000000000000111110000011111111111000111111000
000000000001111111111110000001100000011111000000000000000000011100000001111111100000011111000
000000000011111111111111000011110000111111000000000000000000011100000000000111000000011111000
000000000011110000111111100111110001111110000000000000000000111100000000000000000000011111000
000000000111110000011111111111110011111100000000000000000001111100000000000000000000001111000
000000000111110000001111111111111111111000000000000000000001111000000000000000000000001111000
000000000111110000000011111111111111100000000000000000000001111000000000000000000000001111000
000000001111100000000000111111111111000000000000000000000011111000000000000000000000001111100
000000001111100000000000111011110111000000000000000000000111110000000000000000000000001111100
000000001111000000000000111011110111000000000000000000000111000000000000000000000000000011110
000000011111000000000000111111111111000000000000000000001110000000000000000000000000000011111
000000011111000000000000111110011110000000000000000000001110000000000000000000000000000011111
000000111110000000000000011111111110000000000000000000011100000000000000000000000000000011111
000000111110000000000000001111111100000000000000000000011100000000000000000000000000000011111
000000111100000000000000000111111000000000000000000000011100000000000000000000000000000011111
000001111100000000000000000011110000000000000000000000111000000000000000000000000000000111111
000001111000000000000000000000000000000000000000000000111000000000000000000000000000000111111
000011111000000000000000000000000000000000000000000000110000000000000000000000000000000111111
000111110000000000000000000000000000000000000000000000111000000000000000000000000000000111111
000111110000000000000000000000000000000000000000000001111100000000000000000000000000000111111
001111100000000000000000000000000000000000000000000011111111110000000000000000000000000111111
001111100000000000000000000000000000000000000000001111111111110000000000000000000000000111111
001111000000000000000000000000000000000000000000001111111111110000000000000000000000000111111
001111000000000000000000000000000000000000000000001111111111111000000000000000000000000011111
001110000000000000000000000000000000000000000000001111111111111100000000000000000000000001111
001100000000000000000000000000000000000000000000001111111111111111000000000000000000000000111
001100000000000000000000000000000000000000000000001111111111111111000000000000000000000000111
001000000000000000000000000000000000000000000000001111111111111111000000000000000000000000000
000000000000000000000000000000000000000000000000001111111111111111000000000000000000000000000
000000000000000000000000000000000000000000000000000000000000000000000000000000000000000000000
000000000000000000000000000000000000000000000000000000000000000000000000000000000000000000000
