0000000000000000000000000000000000000
0000000000000000000000000000000000000
0000000000000000000000000000000000000
0000000000000000000000000000000000000
0000000000000000000011111000000000000
0000000000000000000111111000000000000
0000000000000000001111111000000100000
0000000000000000011111111000001110000
0000000000000000011111111100001100000
0000000000000000011111111111011000000
0000000000000000011111111111111000000
0000000000000000011111111111111000000
0001111000000000011111111111111100000
0001111000000000011111110011111110000
0001111100000000011111111111111111100
0001111100000000011111111111111111100
0001111000000000011111111111111111100
0001111000000000001111111111111111100
0001111100000000001111111111111111000
0001111111100000001111111111111111000
0001111111111100001111111111111110000
0001111111111100001111111111111100000
0011111111111111111100111111111000000
0011111111111111111100111111111000000
0011000000011111111100111111110000000
0011000000011111110000111111100000000
0011000000000000110000011111100000000
0011000000000000110000001111100000000
0011000000000000111000001111100000000
0011000000000000111100000011100000000
0111000000000000011111000011000000000
1111000000000000011111100011000000000
1111000000000000011111100000000000000
1111111000000000010001100000000000000
0011111000000000110001110000000000000
0011111000000001110001111000000000000
0011110000000011100001111000000000000
0011110000000011100001111100000000000
0011111000000111100000111100000000000
0000111110000111000000111000000000000
0000111111001110000000111000000110001
0000111111111100000000011111110110001
0001111111111100000000011111111111111
0011111111111100000000001111111111111
0111111111111100000000000111111111111
0111111111111110000000000011111111111
0111111111111111000000000011111111111
1111111111111111000000000001111111111
1111111100111111100000000011111111110
1111111111111111110000000011111000000
1111111111111111110000011111110000000
1111110000010111111111111111110000000
1111100000001111111111111111100000000
1110000000000111111111111111100000000
1110000000000001111111111111000000000
0000000000000000000000000000000000000
