1100000000000000000000000000000000000
1110000000000000000000000000000000000
0111010000000011111000111111111111000
0111111000000011111111111111111111110
0111111000000111111111111111111111110
0011111111000111111111111111111111110
0001111111100011111111111111110001110
0000111111110011111000111111100001110
0000111111111111111000111111100000110
0000111111111111111000111111100000110
0000111111111110111000111111100001110
0000111111111110001111111111100001110
0001111111111111111111111111110011110
0001101111111111111111111111111011110
0001000001111111111111111111111111110
0001000001111111111111111111111111110
0001000001111111111111001111111111110
0001000111111111111111101111111111110
0001001111111111111111111111111111110
0001111111111001111111111111111111110
0001111111111000111111111111111111110
0001111111110000111111111111111111110
0001111111100001111111111111111111110
0001111111100001111111111111111111111
0001111111110011111111111111001111111
0111111111111111111111111111000011111
0111111110111111111111111111100011111
0111111000111111111111111111100011110
0111111000111111111111111111000011110
0111111000111111111111111111000011110
0011111000111111111111111111001111110
0011111100111111111111111111111111110
0011111111111111111111110001111111110
0010111111111111111111000001111111110
0011111111100011111111000011111111110
0011111111110011111111000011111111110
0111111111110011111111100001111111110
0111111111111011111111100111111111110
0111111111111111111111111111111111110
0111111111111111111111111111111111110
0011111111001111111111111111111111110
0011111110000111101111111111111111110
0011111100000111110011111111111111110
0011111000000011111111111111111011110
0011110000000001111111111111111011110
0011110000000001111111111111111000100
0011111100000111111111111111111100000
0011111100000111100111111110111110000
0011111110001111100011111110011111000
0011111111011111100011111100011111100
0011111111111111100011111100001111100
0011111111111111100111111110000011110
0011111111111111111111111110000001110
0000000000110100011100000000000001111
0000000000000000000000000000000001111
0000000000000000000000000000000001111
