0000000000000000000000000000000000000
0000000000000000000000000000000000000
0000000000000000000000000000000000000
0000000000000000011111111110000000000
0000000000000000011111111110111111000
0000000000000000011111111111111111000
0000000000000000011111111111111111100
0000000000000000011111111111111111100
0000000000000000011111111111111111100
0000000000000000011111111111111111100
0000011110000000011111111111111111100
0001111111000000011111111111111111000
0011111111000000001111111111111111000
0011111111100000000000111111111100000
0111111111111110000000011111111100000
0111111110111110000000011001101100000
1101111111111110000000011000000000000
1111111111111110000000011000000000000
1111111110111110000000011000000000000
1101111111111110000000011000000000000
0111111011111111000000011000000000000
0111111111111111000000001000000000000
0011111111111111111000011111000000000
0011111111111110111000111111100000000
0011111111111110001101111111111000000
0011111111111110001101111111111000000
0011111111111100000111111111111110000
0011111111111000000111111111111110000
0001111111111000000011111111111111000
0000111100000000000011111111111111000
0000000000000000000111111111111111100
0000000000000000000111111111111111100
0000000000000000000111111111110001110
0000000000000000000011111111110001110
0000000000000000000001111111110001110
0000000000000000000000111111111111110
0000000000000000000000011111111111110
0000110000000000000000001111111111110
0000111000001011000000011111111111110
0000011111111011100000011011111111110
0000011111111011000000011001111111100
0000011111111111000000110000111111100
0000011111111111000000110000011111100
0001111111111111000110110000001111100
0011111111111111000111100000000111100
0011111111111111001111100000000000000
0011111111111111011001110000000000000
0011111111111111010011110000000000000
0011111111111111110111000000000000000
0011111111111111110110000000000000000
0111111111111111111100000000000000000
0111111111111111111100000000000000000
0001111111111111111111000000000000000
0000111111111111111111110000000000000
0000111111111111111111110000000000000
0000000011100011111111100000000000000
