0000000000000000000000000000000000111
0000000000000000000000000000000000111
0000000000000000000000000000000001111
0000000000000000000000000000000001111
0000000000000000000000000000000001100
0000000000000000000000000000000001100
0000000000000000000000000000000011000
0111000000000000000000000000000011000
0011000001000000000000000000000011000
0001100001000000000000000000000111000
0001111111000000000001110000001111110
0001111111000000000001111100001111110
0001111111000000000001111111111111111
0001111111000000000011111111111111111
0001111111000000111111111111111111111
0001111111000000111111111111111111111
0000011111000000111111111111111111111
0000011111000000111111111111111111111
0000011111000000111111111111111111100
0000011111000000000111111111111111100
0000011111000000000111111111110000000
0000011111000000000000000111100000000
0000011111000000000000000001100000000
0000011111000000000000000000110000000
0000011111000000000000000000111000000
0000011111000000000000000000111000000
0000011111000000000000000000111000000
0000011111000000000000000000111000000
0000011111000000000000000000011000000
0000011111000000000000000000011100000
0000011111100000000000000000011100000
0000011111100000000000000000011100000
0000011111110000000000000000011100000
0000011111110000000000000000011100000
0000011111110000000000000000011100000
0000011111110000111000000000011100000
0000011111111000111111111000011000000
0000011111111000111111111100011000000
0000011111111111111111111100011001100
0000011111101111111111111111011001100
0000011110100111000111111111111001111
0000000000000111101111111111111001111
0000000000000011111111111111111111111
0000000000000011111111111111111111111
0000000000000001111111111111111111111
0000000000000001111111111111111111111
0000000000000011111111111111111111111
0000000000000011011111111111111111111
0000000000000011011111111111111111111
0000000111110110011111111111111111111
0000000111111100001111111111111111111
0000000111111100001111111111111111111
0000000111111000000011111111111111111
0000000111111000000011111111111111111
0000000000000000000001111110000011111
0000000000000000000001111110000011111
