00000000000000000000000000000000000000000000000000000000000011110000
00000001110000000000000000001111111111110000000000000000000011110000
00000011111110000000000000111111100111111000000000000000000011110000
00000011112110000000000011111111100111111100000000000000000111100000
00000011112111000011001111111111000011111120000000000000000111120000
00000011112111111111111111111111000011111122000000000000000111110000
00000011122111111111111111111111100111111122200000000000001111120000
11000111122211111111111111111111100111111111200000000000011111122000
11000111122111111111111111111111111111111112200000000000011111122000
11111111122211111111111111111111111111111111100000000000111111112000
11111111122211221111111111111111111111111111100000000011111111112000
11111111222221221111111111111111111111100011000000000011111111111000
01111112222221221111111111111111111100000000000000000001111111112000
00011110000000021111111111111111111000000000011000000000111111111000
00000110000000011111111111111111100000000111111111111000001111111000
00000010000000000001111111111111000000011111111111111110001111111100
00000000000000000000011111111110000001111111111111111111001111111100
00000000000000000000001111111110001111111111111111111111000111111100
00000000000000000000001111111111111111111111111111111111100111111100
00000000000000000000001111111111111111111111111111111111110111111000
00000000000000000000011111111111121111111111111111111111110111111000
00000000000000000000011111111111122111211111111121111111110111111000
00000000000000000000011111111111122111211111111121111110000011111000
00000000000000000000011111000111222122211111111200011110000001111000
00000000000000000000011111100011000000002211011100021110000001120000
00000000000000000000011111110000000000000212001200001111211011120000
00000000000000000000011111111000000000000222101000001111221111000000
00000000000000000000001001111000000000000022200000001112221110000000
00000000000000000000000001110000000000000022210000001112222111000000
00000000000000000000000001110000000000000022210000001112211120000000
00000000000000000000000001110000000000000021100000011122222100000000
00000000000000000000000000110000000000000021100001111221000000000001
00000000000000000000000000000000000000000011111111112100000000000002
00000000000000000000000000000000000000000001111111111100000000000011
00000000000000000000000000000000000000000000111111111200000000000111
00000000000000000000000000000000000000000000011111111100000000002111
00000000000000000000000000000000000000000000001111111200000000001111
00000000000000000000000000000000001000000000000011111200000000111112
00000001110000000000000000000000001100000000000001111200000001111111
00011111110000000000000000000000001100000000000000111220000012111112
00111111100000000000000000000000011100000000000000111120000011111110
00111111100000000000000000000000011110000000000000111122222211111120
00111111100000000000000000000000011100000000000000011111112211111000
01111111110000000000000000000000011000000000000000011111122211110000
01111111110000000000000000000000011000000000000000111111122111100000
01111211100000000000000000000000011000000000000000111111122211200000
01111211100000000000000000000011111100000000000000111111200011200000
00011221100000000000000000000021111110000000000000111110000021200000
00111221100000000000000000002211111110000000000001111110000021200000
01111221200000001001110000002222111220000000000001111110000022200000
11112222200000111111110000012221112221000000000000011110000022220000
11122222221111111111000001212222122222000000000000001110000022220000
00122222221111111111100011222222212222210011100000001110000022220000
00022222221111111111111111222222212222222011110000011120000012221000
00022221222111111111111111222222212222212221110000011110000012222000
00022222211111111111111111222222122222112211110000011110000011211000
00012222111111111111111112222222222222211111100000011110000011110000
00001221111111111111111112222222122222221111100000111110000011110000
00000111111111111111111112222221122221111111000001111111101111110000
00001111111111111111111112222222122222111111000001111111111111110000
00001111111111111111111112222222122222111111000001111111111111110000
00011111111111111111111112222222122221111211000001111111111111110000
00011111111111111111111111222222212111211211000001111111112111110000
00111111112111111111111111222222111111111211000001111111112111100000
11111111122111111111111111112222211111111221000001111111212111100000
11111111222111111111111111111222111112111211000001111111112112100000
11111112211111111111111111111111111111112211000011111111121112100000
11121122211111111111112111111111111111222220000011111111111112100000
11221222111111111111111111111111111111112100000011111111112222100000
11221222111111111111111111111111111111120000000011111111111100100000
12112221111111111111111111111111111111100000000011111111110000000000
12122221111111111111111121111111111100100000000111111111111000000000
12122211111111111111111112111111111000000000000111111111110000000000
11222211111111111111111112111111111100000000000111111111100000000000
01222111111111111111111112111111111100000000000111111111110000000000
00222111111111111111111112111111111110000000000111111111110000000000
00121111111111111111111212111111111111000010001111111111120000000000
00121111111111111111111211111111111111200000011111111111120000000000
00111111111111111111112111111111111111120211111111111111200000000000
00111111111111111111112221111111111111222111111111111111100000000000
00011111111111111111112221111111111111222111111111111112100000000000
00011111111111111111112221111111111111122211111111111112200000000000
00021111111111111112112222111211111111222111111121111122000000000000
00021111111111112112222221112211211111222112211122111110000000000000
00022111111111112112222222112222111122222112221122111120000000000000
00022111211111111122010022212221111120000211221112211120000000000000
00021212211111111211000000212211211200000001221222211100000000000000
00002212211111121200000000000001211200000000021222211100000000000000
00000212021111212000000000000002211000000000000000211100000000000000
00000000021111110000000000000000101000000000000000011100000000000000
00000000001111010000000000000000100000000000000000011200000000000000
00000000002111000000000000000000000000000000000000011200000000000000
00000000000010000000000000000000000000000000000000000000000000000000
00000000000000000000000000000000000000000000000000000000000000000000
00000000000000000000000000000000000000000000000000000000000000000000
00000000000000000000000000000000000000000000000000000000000000000000
00000000000000000000000000000000000000000000000000000000000000000000
00000000000000000000000000000000000000000000000000000000000000000000
00000000000000000000000000000000000000000000000000000000000000000000
00000000000000000000000000000000000000000000000000000000000000000000
00000000000000000000000000000000000000000000000000000000000000000000
00000000000000000000000000000000000000000000000000000000000000000000
00000000000000000000000000000000000000000000000000000000000000000000
