000000000000000000000000000000000000000000000000000000000000000000000000000000000000000000000
000000000000000000000000000000000000000000000000000000000000000000000000000000000000000000000
000000000000000000000000000000000000000000000000000000000000000000000000000000000000000000000
000000000000000000000000000000000000000000000000000000000000000000000000000000000000000000000
000000000000000000000000000000000000000000000000000000000000000000000000000000000000000000000
000000000000000000000000000000000000000000000000000000000000000000000000000000000000000000000
000000000000000000011111100100000000000000000000000000000000000000000000000000000000000000000
000000001110000000011111101100000000000000000000000000000000000000000000000000000000000000000
000000111111001000111111111100000000000000000000000000000000000000000000000000000000000000000
000000111111111001111111111100000000000000000000000000000000000000000000000000000000000000000
000001011111111011111111111111100000000000000000000000000000000000000000000000000000000000000
000111101111111111111111111111100000000000000000000000000000000000000000000000000000000000000
000111110111111111111111111111100000000000000000000000000000000000000000000000000000000000000
000111111111111111111111111111100000000000000000000000000000000000000000000000000000000000000
001011111111111111111111111111100000000000000000000000000000000000000000000000000000000000000
001001111111011111111111111111100000000000000000000000000000000000000000000000000000000000000
001101111111011111100001111111100000000000000000000000000000000000000000000000000000000000000
001110111111001111100001111111100000000000000000000000000000000000000000000000000000000000000
001111111111000111100001111111100000000000000000000000000000000000000000000000000000000000000
001111111111000111111011111111100000000000000000000000000000000000001111100000000000000000000
001111111111011111111111111111100000000000000000000000000000000000001111100000000000000000000
001111111111010111111111111111100000000000000000000000000000000000001111100000000000000110000
000111111111010111111111111100000000000000000000000000000000000000011000000000000000000111000
000110111111010111111111111000000000000000000000000000000000000000011000000000000000001111000
000100111110000111111111110000000000000000000000000000000000000000111000000000000000001111100
000100011000000111111111100000000000000001111000000000000000000000110000000000000000001111100
000100001000000111111111100000000000000001111000000000000000000000110000000000000000001111100
000000011000000001111111100000000000000001111000000000000000100000100000000000000000001111100
000000000000000001111111100000000000001111111000000000000011100000100000000000000000001101100
000000000000000000111111100000000001111111001000000000000011100000110000000000000000001101100
000000000000000000001111100000000001111111001000000000000011100000110000000000000000001111110
000000000000000000011111100000000001111111111000000000000011100000110000000000000000001111110
000000000000000000011111100000101111111111111000000000000011100000110000000000000000001111110
000000000000000000000111110000111111111111111000000000000011100000110000000000000000001111110
000000000000000000000111111111111111111111100000000000000001100000010000000000000000001111110
000000000000000000001111111111111111111111100000000001100001100000011000000000000000001111110
000000000000000000001111111111111111111110000000000001100001100000011100000000000000001111100
000000000000000000001111111111111111110000000000000001100111100000011100000000000000001111110
000000000000000000000111111111111111100000000000000011111111111001111100000000000000001111110
000000000000000000000111111111111111100000000000000011111111111001111100000000000000001111110
000000000000000000000111111111111110000000000000000111111111111111111000000000000000001111110
000000000000000000001111111111111110000000000000000111111111111111110000000000000000011111110
000000000000000000111111111111111100000000000000001111111111111111110000000000000000111111110
001100000000000011111111111111111100000000000000001111111111111111110000000000011111111111110
001110000000011111111111111111111000000000000000001111111111111111110000000111111111111111110
001111100111111111111111111100011000000000000000011111111111111111111111111111111111110011110
001111111111111111111111111100000000000000000111111111111111111111111111111111111111110001110
001111111111111111111111111100000000000000000111111111111111111111111111111111111111000000000
001111111111111111111111110000000000000000000111111111101111111111111111111111111110000000000
001111111111111111111111110000000000000000011111111111100111111111111110000000000000000000000
000011111111111111111111110000000000000000011111111111100111111111111111000000000000000000000
000001111111111111111000110000000000000000011111111111111111111111111111000000000000000000000
000001111111111111111000000000000000000001111111111111111111111111111110000000000000000000000
000000111111111111111111000000000000011111111111111111111111111111111100000000000000000000000
000000111111111111111111000000000000011111100111111111111111111111111000000000000000000000000
000000111111111111111111000000000000011111111111111111111111111111111000000000000000000000000
000001111111111111111111100000000000001111111111111111111111111111000000000000000000000000000
000000111111111111111111100000000000000111111111111111111111111110000000000000000000000000000
000000111111111111111111100000000000000001111111111111111111111100000000000000000000000000000
000000111111111111111111100000000000000000111111111111111111111100000000000000000000000000000
000000111111111111111111100000000000001111111111111111111111111100000000000000000000000000000
000000111111111111111111100000000000111111111111111111111111111100000000000000000000000000000
000000111111111111111111100000000000111111000111111111111111111111100000000000000000000000000
000000111111111111111111000000000001111100000111111111111111111111110000000000000000000000000
000000011111111111111111001000000001111000000111111111111111111111111000000000000000000000000
000000011111111111111111111000000011110000000111111111111111111111111111110000000000000000000
000000011111111111111111111000000011100000000111111111111111111111111111111100001111100000000
000000000011111111111111111000000111100000000001111111111111111111111111111100001111100000000
000000000011111111111111111100110111100000000001111111111111111111111111111110111111000000000
000000000011111111111111111101111111000000000001111111111111111111111111111111111111000000000
000000000011111111111111111101111111000000000001111111111111111111111111111111111111000000000
000000000011111111111111111111111111000000000000111111111111111111111111111111111110000000000
000000000001111111111111111111111111000000000000000000111111111111111110011111111110000000000
000000000001111111111111111111111111000000000000000000011111111111111110001111111100000000000
000000000000111111111111111111111111000000000000000000011000000001111110000011111100000000000
000000000000111111111111111111111111000000000000000000000000000000000110000011111100000000000
000000000011111111111111111111111111000000000000000000000000000000000110000011111100000000000
000000000011111111111111111111111111000000000000000000000000000000000111000011111000000000000
000000000011111111111111111111111111000000000000000000000000000000000011000011110000000000000
000000000111111111111111111111111111000000000000000000000000000000000011000011100000000000000
000000001111111111111111111111111111000000000000000000000000000000000011000011000000000000000
000000011111111111111111111111111111000001000000000000000000000000000011111111000000000000000
000000011111101111111111111111111111000001100000000000000000000000000011111110000000000000000
000000011111000111111111111111111111011101110000000000000000000000000001111110000000000000000
000000011111000111111111111111111110111101111000000000000000000000000011111100000000000000000
000000011111000111111111111111111110111101111100000000000000000000000111111100000000000000000
000000011111100111111111111111111111111101111100000000000000000000001111111000000000000000000
000000011111111111111111111111111111100011110110000000000000000000111111111000000000000000000
000000011111111111111111111111111111111111100110000000000000000000111111110000000000000000000
000000011111111111111111111111111111111111100011001111111111000111111111100000000000000000000
000000011111111111111111111111111111111111110111011111111111000111111111110000000000000000000
000000011111111111111111111111111111111111111110011111111111111111111111110000000000000000000
000000011111111111111111111111111111111111111110011111111111111111111111111000000000000000000
000000011111111111111111111111111111111111111110011111111111111111111111111100000000000000000
000000011111111111111111111111000000001111111110011111111111111111111100111111000000000011110
000000011111111111111111111110000000001111111110011111111111111111111000011111000000000011110
000000000011111111111111111100000000001111111110011111111111111111111000011111110000001111110
000000000011111111111111111100000000000111111111011111111111111111111000000111111111111111110
000000000011111111111111111100000000000000000011011111111111111111110000000011111111111111110
000000000001111111111111111100000000000000000001101111111111111111110000000000011111111100110
000000000001111111111111111100000000000000000001111111111111111111111000000000001111111100110
000000000000011111111111111100000000000000000000111111111111111111111110000000000000000001110
000000000000011001111111111100000000000000000000111111111111111111111110000000000000000011110
000000000000011000111111111100000000000000000001111111111111111111111110000000000000000111110
000000000000000000011111111100000000000000000001111111111111111111111110000000000000011111110
000000000000000000011111111100000000000000000001111111111111111111110010000000000000111111110
000000000000000000011111111110000000000000000011111111111111111111110010000000000000111111110
000000000000000000011111111111000000000000000011111111111111111111110010000000000000111111110
000000000000000001111111111111000000000000000011111111111111111111000011100000000000011111110
000000000000000001111111111111000000000000000111111111111111111111000111100000000000011111100
000000000000000001111111111111000000000000000111111111111111111111111111100000000000001110000
000000000000000001111111111111000000000000000111111111111111111111111111100000000000001111000
000000000000000001111111111111000000000000000011111111111111111111111110000000000000001111100
000000000000000001111111111100000000000000000011111111111111111111111110000000000000011111100
000000000000000000011111111100000000000000000011111111111111111111111110000000000000011111000
000000000000000000011111110000000000000110000111111111111111111111111110000000000000011111000
000110000000000000011001100000000000001110001111111111111111111111111110000000000000011111000
000110000000000000011000100000000000001111111111111111111111111111111110000000000000001110000
000111100000000000011000000000000000001111111111111111111111111111111110000000000000000000000
000111111000000000011000000000000000001111111111111111111111111111111110000000000000000000000
001111111000000000011000000000000000000001111111111111111111111111111100000000000000000000000
001100111000000000110000000000000000000001111111111111111111111111111100000000000000000000000
001100011000000000110000000000000000001111111111111111111111111111111100000000000000000000000
001100011110000000110000000000000000001111111111111000000011111111111100000000000000000000000
001100011110000001100000000000000000001111111111111000000001111111111111100000000000000000000
001100011110000001100000000000000000001111111111111000000001111111111111111100000000000000000
001100011110000001100000000000000000111111111111100000000001111111111111111110000000000000000
001110111110000011000000000000000001111111111111100000000001111111111111111111000000001100000
001111111110000011000000000000000001111111111111110000000001111111111111111111000000011111000
001111111110001111000000000000000001111111111111111111111011111111111111111111100000011111100
001111111111111110000000000000000001111111111111111111111111111111111111111111110000011111100
001111111111111110000000000000000001111111111111111111111111111111111111111111111000011111100
001111111111111110000000000000000000111111111111111111111111111111111111111111111110011111100
001111111111111110000000000000000000011111111111111111111111111111111111111111111111111111110
001111111111111100000000000000000000011111111100011111111111111111111111111111111111111111110
001111111111001000000000000000000000111111111000000000011111111111111111111111100001111111110
001111111110000000000000000000000011111111100000000000011111111111111111111111000000111111110
001111111110000000000000000000000011110000000000000000011111111110000000011110000000111111110
000000000000000000000000000000000000000000000000000000000000000000000000000000000000000000000
000000000000000000000000000000000000000000000000000000000000000000000000000000000000000000000
