000000000000000000000000000000000000000000000000000000000000000000000000000000000210000000000
000000000000000000000000000000000000000000000000000000000000000000000000000000002211000000000
000000000000000000000000000000000000000000000000000000000000000000000000000000011111000000000
000000000000000000000000000000000000000000000000000000000000000000000000000000011112000000000
000000000000000000000000000000000000000000000000000000000000000000000000000000002111000000000
000000000000000000000000000000000000000000000000000000000000000000000000000000000112000000000
000000000000000000000000000000000000000000000000000000000000000000000000000000000012100000000
000000000000000000000000000000000000000000000000000000000000000000000000000000000001110000000
000000000000000000000000000000000000000000000000000000000000000000000001000000000000211000000
000000000000000000000000000000000000000000000000000000000000000000100010000000000000011100000
000000000000000000000000000000000000000000000000000000000000000000201100000000000000011100000
000000000000000000000000000000000000000000000000000000000000000001000100110000000000111210000
000000000000000000000000000000000000000000000000000000000000000010000111111000000001111111000
000000000000000000000000000000000000000000000000000000000000000111000111111100001001111001100
000000000000000000010001000000000000000000000000000000000000001111100111111110100111111000110
000000000000000000111111100000020000000000000000000000000000020111101111101111111111110000011
000000000000000011111111100000022000000000000000000000000000200011101111001112111111110000001
000000000000001111111111100000022000000000000000000000000000000011111111001112211111110000000
000000000000011111111111111011222200000000000000000000000000000001111111211112211111100000000
000000000000011111111111111111222222000000000200000000000000000001111111211110021111110000000
000000000000111111111111111111222222110001022220000000000000010101111111211100002111100000000
000000000001111111111111111111122222111222122222000000000000011111101112222000000111111000000
000000000001111111111111111111122222111222122222000001120000121111100111220000000111110000000
000000000002211111111111111111112212111222222222000001112000221111000011200000000111110000000
000000000022211111111111111110012211111222222222000000122202221111000000000000001111111000000
000000001112211111111111111110011111111222212222000000022222222211000000000000011111111100000
000000001112211111111111111111001111111222220222000000002221222211000000000000011111111110000
000000001111111111111111111111111111111200000222100000000122222221000000000000011111111110000
000000001111111111111111111111111111112000000221222000000022222222000000000001111111111100000
000000001111111111111111111111111111112000000221121100000002222220000000000001111111111100000
000000001111111111111111111111111111111000000222111110000000222220000000000011111111110000000
000000001221111111111111111111111111111000000021111111000000022220000000010111111111110000000
000000002221111111111111112111111111111000000011111111100000002221100000111111111111100000000
000000002222111111111111112111111111111220000011111111110000000222110000111111111100000000000
000000001222211111111111112111111111112222000011111111112000000122210000011111111100000000000
000000001222211111111111112221111111112222200011111111112120001112211000001111111110000000000
000000001122211100111111112211211111111222211111111111122110011100111100011111111110000000000
000000000112111100011111110000211111111222111111111111122200111100011110111111111000000000000
000000000011111000011111110000211222111111111111111111122111111000001111111111111000000000000
000000000001111000011111110000121222111111111111111111121111110000000111111111111100000000000
000000000001111000011111111100002222211121111111111111111111110000000011111111111000000000000
000000000000000000011111111111000222211222111111111111111111110000000001111221111000000000000
000000001000000000011111000010000022221222111111111111111111100000000000111221110000000000000
000001111100000000000000000000000002022222111111111111111111111001200000011000000000000000000
111211111110000000000000000000000000002222211111111111111111111002100000001000000000000000000
111111111111000000000000000000000000000222211111111111111111111122111000000000000000000000000
111111111111000000000000000000000000000022211111111111111111111222211000000000000000200000000
111111111111100000000000000000000000000002221111111111111111111222221200000000000001200000000
111111111111110000000000000000000000000000221111111111111111111222221220000000000021220000000
011111111111122100000000000000000000000000121111111111111111111122221122000000000222220000000
011111111111122210000000000000000000000000221111111111111111111222221122100000001222120000000
011111111111122211000000000000000000000000221111111111111111111122221111110000002222220000000
000011111111122211111000000000000000000000221111111111111111111121111111120000002112220000000
000000011111122211111111110011100000000000221111111111111111111111111111100000022111220000000
000000010011122221111111111111110000000000211111111111111111111111110111110000222210200000000
000000000000002221111111111111111000000002111111111111111111111111011112212200222000000000000
000000000000000211111111111111111100000001111111112111111111111110011112222202220000000000000
000000000000000221111111111111111100000001111111112211111001111000001112222221100000000000000
000000000000000021122211111111111112000101111111122221000000111000000000022221100000000000000
000000000000000001122222111111111111212111111111122220000000111100000000000021100000000000000
000000000000000000012122111111111111111111111111122220000001111110000000000000000000000000000
000000000000000000000021111101111111111111111111122220000001111110000000000000000000000000000
000000000000000000000000111100111111111111111111122220000011111110000000000000000000000000000
000000000000000000000000111100111111111111111111122200000111111111000000000000000000000000000
000000000000000000000000011000011111111111111111122200001111111111111110000000000000000000000
000000000000000000000000000000011111211111111111112200011111111111111111200011000000000000000
000000000122222221210000000000011112221111111111111100011111111111111111110111200000000000000
000000000221222221112000000000011112221111111111111100011111111111111111111111111100000000000
000000021212222211112200000000001112222111111111111100011111111111111111111111111100000000000
000000221111222221112221000000001112222111111111111100011111111111111111111111111000000000000
000000221111111211112221110000001112222111111111111100011111111111111111111111111110000000000
000000221111112111112111111100001122222211111110111100011111111111111111111111111100000000000
000001211111111111111111111110011112222211111110011000001111111111111111111111111110000000000
000002211111111111111111111111011122222221111110001000001111111111111111111111111110000000000
000001211111111001111111111111111122222221111110000000001122211111111111111111111110000000000
000001211111110001111111111111111122222211111110000000000122211111111111111111111111000000000
000000111111100000011111111111111122222211111110000000000022211111111111111111111111200000000
000000111111000000111111111111111122222221111110000000000002221111111111111111111112222000000
000000111111000000111111111111111222222221111110000000000000122111111111111111111112222000000
000000111111000001111111111111111220022221111111000000000000022111111111111111111112222200000
000011111111000001111111111111111110022221111111000000000000022211111111111111111111222200000
000021111111100001111111111111111100002221111111100000000000022111111111111111111211122200000
000001111111111111111111111111111100002211111111200000000000002111111111111111111211122200000
000000111111111111111111111111110000022211111111220000000000002211111111111111112211122200000
000000111111111111111111111111100000022211111112220000000000000211111111111111112221112200000
000000011111111111111111211111000000022211111112220000000000000221111111111111112221110000000
000000011111111111111111111000000000012211111112220000000000000222111111111111122211200000000
000000111111111111111112211000000000022111111112222000000000000022111111111111122220000000000
000001111111111111111112210000000000021111111112222000000000000002111111111111222000000000000
000001111111111111111112000000000000010011111112222000000000000000001111111111220000000000000
000001111111111111111120000000000000010011111112222000000000000000001111111111100000000000000
000001111111111111111110000000000000010011111111112200000000000000001111111111000000000000000
000001111111111111111100000000000000010011111111112200000000000000001111111111000000000000000
000001111111112111011100000000000000010111111111112220000000000000001111111111000000000000000
000000111111122210000000000000000000010111111111112220000000000000001111111112000000000000000
000000111111222210000000000000000000211111111111112222000000222000001111111111000000000000000
000000111111222210000000000000000002211111111111111112220001222220001111111110000000000000000
000000011112220200000000000000000012211111111111111111121111122111001111111100000000000000000
000000001022000000000000000000002112111111111111111111122111111111111111111100000000000000000
000000000000000000000000000000002111111111111111111111111111111111111111111100000000010000000
000000000000000000000000000000021111111111111111111111111111111111111111111000000220011000000
000000000000000000000000000000221111111111111111111111111111111111111111111000012211111100000
000000000000000000000000000000211111111111111111111111111111121111111111111000012211111110000
000000000000000000000000000002211111111111111111111111111111222111111111111000111111111110000
000000000000000000000000002011111111111111111111111111111111222122111111111111111111211110000
000000000000000000000000001001111111111111111111111111111112222222222222111111211111211110000
000000000000000000000000011211111111111111111111111111111112222222222222211112211111221110000
000000000000000000000000111111111111111111111111111111111122222222122222111122221111221100000
000000000000000000000011111111111111111111111111111111111222222222111112111222221111221110000
000000000000000000000111111111111111111111111111111111111120000002211111111222222111221100000
000000000000000000000111111111111111111111111111111111111100000002211111111222222211221000000
000000000000000000011111111111111111111111111111111111111000000000222211112222222210000000000
000000000000000000111111111111111111111111111111111111111000000000002212222222222100000000000
000000000000000002111111111111111111111111111111111111111200000000002222222222220000000000000
000000000000000011111111111111111111111111111111111111111200000000002222222222200000000000000
000000000000000111111111111111111111111111111111111111111100000000000222200000000000000000000
000000000000001111111111111111111111111111111111111111111120000000000121200000000000000000000
000000000000022111111111111111111111121111111111111111111120000000000012100000000000000000000
000000000000222111111111111111111111121111111111111111111122000000000000000000000000000000000
000000000002211111111111111111111111121111111111111111111221100000000000000000000000000000001
000000000022211111111111111111111111122111111111111111111221100000000000000000000000000001111
000000000111111111111111111111111111222111111111111111111222110000000000000000000000000211111
000001111111112111111111111111111111222111111111111111112221111100000000000000001111022211111
000111111111122111111111111111111111222111111111111111112221111111111000000000022111122211111
111111111111122111111111111111111111222211111111111111112222111111111111111202212111122221111
122111111211122211111111111111111112222211111111111111112222111111111111111112211111122221111
222111112211122212111111111111111112222211111111111111112222211111111111111111111111222221111
122111112211222212211111111111111112222211111111111111112222111111111111111111111111122221110
222111112221122212211111111110001112222211111111111111112222111111111111111111111111122221110
222111122211222222211111111100001112222222111111111111122222111111111111111111111111222221100
222211122211222222212211111100000002222222111000011111122222112211111111111111111111222221000
222211112221222222202211111000000002201220110000001111112220012211111111111111111111122221000
000211122221000000001211110000000000000100000000000111110000002211111111110111111111122200000
000211122000000000000210000000000000000000000000000000000000000200111111000011111111220000000
000011100000000000000200000000000000000000000000000000000000000000000111000001111100000000000
000000000000000000000000000000000000000000000000000000000000000000000011000000000000000000000
000000000000000000000000000000000000000000000000000000000000000000000000000000000000000000000
000000000000000000000000000000000000000000000000000000000000000000000000000000000000000000000
000000000000000000000000000000000000000000000000000000000000000000000000000000000000000000000
000000000000000000000000000000000000000000000000000000000000000000000000000000000000000000000
