0000000000000011100001111111000000000
0000000000000011000011111111000000000
0000000001111110001111111111000000000
0000000001111110011111111111100000000
0000000001111110011111111111100000000
0000000011111110001111111111110000000
0000000111111111000111111111111000000
0000000111111111000001111111111000000
0000001111111111000001111111111100000
0000001111111111110000111111111100000
0000011111111111110000111111111100000
0000011111111111111111111111111100000
0000011111111111111111111111111111100
0111111111111111111100111111111111100
0111111111111111111000100001111111100
0111111111111111111000100001111111110
0111111111111111100000000001111111111
0111111111111111000000000001111111111
1111111111111110000000001111111111111
1111111111111100011110000111111111111
1111111111100000011111100111111111110
1111111111110000111111100011111111110
1111111110111111111111100000111111110
0011111110111111111111110000111111110
0001111110000111111111110000011111110
0001111110000001111111110000011111100
0000011110000001111111110000000111100
0000000111000001111111100000000111100
0000000011000001111111100000001111110
0011000001000001111111100000001101110
1111100001000001111111100000001000110
1111111111000000111111100000000000111
1111111111000000000111100000000001111
1111111111000000000111000000010011111
1111111111100000000010000000111111111
1111111111110000000010000000111111111
1111111111111000000010001111111111111
1111111111001000000011111111111111111
1111111111001000000011111111111111111
1111111111111100000011111111111111111
1111111111111100000011111111111111111
0010000011111100000011111111111111000
0000000011111100000111111111100010000
0000000011111100000111111111000010000
0000000011111110000001111111000010000
0000000011111111000000111111000000000
0000000011111111100000111111000000000
0000000000111111111111100000000000000
0000000000001111111111100000000000000
0000000000000111111000000000000000000
0000000000000111111000000000000000000
0000000000000001100000000000000000000
0000000000000000000000000000000000000
0000000000000000000000000000000000000
0000000000000000000000000000000000000
0000000000000000000000000000000000000
