00000000000000000000000000000000000000000000000000000000
00000000000000000000000000000000000000000000000000000000
00000000000000000000000000000000000000000000000000000000
00000000000000000000000000000000000000000000000000000000
00000000000000000000000000000000000000000000000000000000
00000000000000000000000000000000000000000000000000000000
00000000000000000000000000000000000000000000000000000000
00000000000000000000000000000000000000000000000000000000
00000000000000000000000000000000000000000000000000000000
00000000000000000000000000000000000000000000000000000000
00000000000000000000000000000000000000000000000000000000
00000000000000000000000000000000000000000000000000000000
00000000000000000000000000000000000000000000000000000000
00000000000000000000000000000000000000000000000000000000
00000000000000000000000000000000000000000000000000000000
00000000000000000000000000000000000000000000000000000000
00000000000000000000000000000000000000000000000000000000
00000000000000000000000000000000000000000000000000000000
00000000000000000000000000010000000000000000000000000000
00000000000000000000000000111110000000000000000000000000
00000000000000000000000001111111000000000000000000000000
00000000000000000000000011111111100000000000000000000000
00000000000000000000000111111111110000000000000000000000
00000000000000000000001111111111111000000000000000000000
00000000000000000000011111111111111000000000000000000000
00000000000001100000111111111111111000000000000000000000
00000000000001110001111111111111111000000000000000000000
00000000000011111011111111111111111000000011110000000000
00000000000011111111111111111111100000000111110000000000
00000000000011111111111111111111000001111111110000000000
00000000000011111111111110111111000111111111110000000000
00000000000011111111111100111111000111111111110000000000
00000000000011111111111001111111001111111111110000000000
00000000000011111111110011111111001111111111110000000000
00000000000011111111100111111111000111111111110000000000
00000000001111111111001111111110000011111111111000000000
00000000011111111110011111111100111001111111111100000000
00000000111111111100111111111001111100111111111110000000
00000001111111110001111111110011111110011111111111000000
00000001111111000011111111100111111111001111111111100000
00000001111111000011111111001111111111100111111111110000
00000001111111100011111110011111111111110001111111111000
00000000111111100011111110111111111111111001111111111100
00111100111111100011111111111111011111111111111111111110
01111110001111100000111111111111001111111111111111111110
01111111000111100000111111111111100111111111111111111110
01111111100000001110011111111111110011111111111111111110
01111111110000011111001111111111111001111111111111111110
00111111111000111111100011111111111100111111111111111110
00011111111101111111110011111111111110011111111111111100
00001111111111111111111111111111111111001011111111111000
00000111111111111111111111111111111111100001111111110000
00000011111111101111111111111111111111110000111111100000
00000001111111100111111111111111111111110000011111000000
00000000111111100011111111111110111111100000001110000000
00000000011111110001111111111100111111001111100000000000
00000000000011111000111111111001111110011111110000000000
00000000000011111100011111110011111100111111111000000000
00000000000011111110001111000111110001111111111000000000
00000000000111111111000100001111110011111111111100000000
00000000001111111111100000111111110111111111111100000000
00000000001111111111110000111111111111111111111100000000
00000000001111111111111000111111111111111111111000000000
00000000000111111111111100111111111111111111110000000000
00000000000011111001111100111111111111100111100000000000
00000000000001111001111100110111111111000011000000000000
00000000000000110000111100100111111110000000000000000000
00000000000000000000111100001111111100000000000000000000
00000000000000000000001100011111111000000000000000000000
00000000000000000000000000111111110000000000000000000000
00000000000000000000000000111111100000000000000000000000
00000000000000000000000000111111000000000000000000000000
00000000000000000000000000111110000000000000000000000000
00000000000000000000000000011100000000000000000000000000
00000000000000000000000000001000000000000000000000000000
00000000000000000000000000000000000000000000000000000000
00000000000000000000000000000000000000000000000000000000
00000000000000000000000000000000000000000000000000000000
00000000000000000000000000000000000000000000000000000000
00000000000000000000000000000000000000000000000000000000
00000000000000000000000000000000000000000000000000000000
00000000000000000000000000000000000000000000000000000000
00000000000000000000000000000000000000000000000000000000
00000000000000000000000000000000000000000000000000000000
