00000000000000000000000000000000000000000000000000000000
00000000000000000000000000000000000000000000000000000000
00000000000000000000000000000000000000000000000000000000
00000000000000000000000000000000000000000000000000000000
00000000000000000000000000000000000000000000000000000000
00000000000000000000000000000000000000000000000000000000
00000000000000000000000000000000000000000000000000000000
00000000000000000000000000001000000000000000000000000000
00000000000000000000000000111100000000000000000000000000
00000000000000000000000000011111110000000000000000000000
00000000000000000000000000011111110000000000000000000000
00000000000000000000000000111111111000000000000000000000
00000000001111000000000011111111111000000000000000000000
00000000111111111000011111111111111000000000000000000000
00000001111111111111111111111111111011000000000000000000
00000000111111000001111111111111011111000000000000000000
00000000111100000001111111111111111111000000000000000000
00000001111100011111111111111111111111010000000000000000
00000001110000011111111111111111111111111100000000000000
00000001110000011111111111111111111110111110110000000000
00000001110000011111111111111111111110111111111000000000
00000001111000011111111111111111111111111111111000000000
00000001111000111111111111111111111111111111110000000000
00000001111100111111111111111111111111111111110000000000
00000001111000111111111111111111111111111111110000000000
00000001100001111111111111111111111111111111110000000000
00000001100011111111111111111111111111111111110000000000
00000000110011111111111111111111111111111111110000000000
00000000111111111111111111111111111111111111111000000000
00000000010111111111111111111111111111111111111000000000
00000000110111111111111111111111111111111111111100000000
00000011110010011011111111111111111111111111111100000000
00000111000000000011111111111111111111111111111110000000
00000111000000000011111111111111111111111111111111000000
00000011100000000111111111111111111111111111111111100000
00000001111000000111011111111111111111111111111111100000
00000000111000001111001111111111111111111111111111000000
00000000110000011111000111111111111111111111111111000000
00000001110111111110000111111111111111111111111110000000
00000001100111111110000111111111111111111111000000000000
00000001100011111110000111111111111111111110000000000000
00000000110011111110000111111111111111111100000000011000
00000000010011111111000011111111111111111000000000010000
00000000011011000011000001111111111111100000000000110000
00000000011010000001110000011111111010000000000000110000
00000000011110000000110000000111110000000000000000110000
00000000011110000000011000000000000000000000000000100000
00000000001111100000011100000000000000000000000001100000
00000000011111100000001100000000000000000000000001100000
00000000011111100000001110000000000000000000000001100000
00000000001111100000000110000000000000000000000001100000
00000000000111000000000011000000000000000000000011100000
00000000000011000000000011111111000000000000000111000000
00000000000001100000000001111111110000000000000111100000
00000000000001100000000001111111110000011001011111100000
00000000000000110000000000111111000000011111111111000000
00000000000000110000000000011111000000111111111100000000
00000000000000011000000000000111100000111111111000000000
00000000000000001111000000000001110000111110000000000000
00000000000000001111000000000000111111111100000000000000
00000000000000000111000000000000011110111100000000000000
00000000000000000011000000000000000000111000000000000000
00000000000000000011000000000000000000111000000000000000
00000000000000000001100000000000000000110000000000000000
00000000000000000001100000000000000001110000000000000000
00000000000000000001110000000000000001100000000000000000
00000000000111111111111000000000000011100000000000000000
00000000011111111111111111000000011111000000000000000000
00111100111111111111111111100000111111000000000000000000
11111111111111111111111111111100110000000000000000000000
11111111111111111111111111111110110000000000000000000000
11111111111110111111111111111111110000000000000000000000
11111111111000011111111111111111110000000000000000000000
11111111111000000111111111111111100000000000000000000000
11111110110000000000000011111111110100111110000000000000
11000000000000000000000001100111111111111111100000000000
00000000000000000000000000000111111111111111100000000000
00000000000000000000000000000111111111111111111110000000
00000000000000000000000000000111111111111111111110000000
00000000000000000000000000000011111111111111111000000000
00000000000000000000000000000001111111111111000000000000
00000000000000000000000000000000111111111100000000000000
00000000000000000000000000000000001111111100000000000000
00000000000000000000000000000000000011111000000000000000
00000000000000000000000000000000000000000000000000000000
