000000000000000000000000000000000000000000000000000000000000011111111111111111111000000000000
000000000000000000000000000000000000000000000000000000000000011111111111111111111000000000000
000000000000000000000000000000000000000000000000000000000000011111111111111111111000000000000
000000000000000000000000000000000000000000000000000000000000011111111111111111110000000000000
000000000000000000000000000000000000000000000000000000000000011111111111111111110000000000000
000000000000000000000000000000000000000000000000000000000000011111111111111111111000000000000
000000000000000000000000000000000000000000000000000000000000011111111111111111111000000000000
000000000000000000001100000000000000000000000000000000000000011111111111001111111000000000000
000000000000000000011110000000000000000000000000000000000000011111111111001111111000000000000
000000000000000000011100000000000000000000000000000000100000111111111110000011111000000000000
000000000000000000011110000000000000000000000000000000111010111111111100000000111000000000000
000000000000000000011111000001100000000000010000000001111011111111111100000000010000000000000
000000000000000000011111111011111000011000011111111111111111111111111000000000000000000000000
000000000000000000011111111111111100111000111111111111111111111111111000000000000000000000000
000000000000000000011111111111111111111000111111111111111111111111110000000000000000000000000
000000000000000000011111111111111111111111111111111111111011111111100000000000000000000000000
000001100000000000011111111111111111111111111111111111111001100111100000000000000000000000000
000001110000000000111111111111111111111111111111111111111001000010000000000000000000000000000
000001111000000011011111111111111111111111111111111111111000000010000000000000000000000000000
000001111000011111111111111111111111111111111111111111111000000000000000000000000000000000000
000000101101111111111111111111111111111111111111111111111000000000000000000000000000000000000
000000001111111111111111111111111111111111111111111111110000000000000000000000000000000000000
000000000111111111111111111111111111111111111111111111110000000000000000000000000000000000000
000000000100001111101111111101111111111111111111111111110000000000000000000000000000000000000
000000000000000000001111111100111111111111111111111111110000000000000000000000000000000000000
000000000000000000001111111110111111111111111111111111110000000000000000000000000000000000000
000000000000000000001111111110011111111111111111111111100000000000000000000000000000000000000
000000000000000000001111111110011111111111111111111111100000000000000000000000000000000000000
000000000000000000001111111110011111111111111111111111000000000000000000000000000000000000000
000000000000000000011111111111111111111111001111111110000000000000000000000000000000000000000
000000000000000001111111111111111111111111001111111110000000000000000000000000000000000000000
000001000000000001111111111111111111111111000111111110001100110011100000000000000000000000000
000001110000000011111111111111111111111111001111111111111111110111110000000000000000000000000
000011110000000011111111111111111111111111000111111111111111110111110000000000000000000000000
000011100001110111111111111111111111111111000111111111111111111111110000000000000000000000000
000111110011111111111111111111111111111111000111111111111111111111100000000000000000000000000
000111111011111111111111111111111111111111111111111111111111111111001000000000000000000000000
000111111111111111111000011111111111111111111111111111111111111100111100000000000000000000000
001111111111111111110000000111111111111111111111111111111111111111111100000000000000000000000
001111111111111111100000000111111111111111111111111111111111111110111000000000000000000000000
000111111111111111000000000011111111111111111111111111111111111110010000000000000000000000000
000111111111111110000000000001111111111111111111111111111111110000000000000000000000000000000
000111111111111110000000000001111111111111111111111111111111110000000000000000000000000000000
000111001111111110000000000011111111111111111111111111111111110000000000000000000000000000000
000010011111111110000000000011111111111111111111111111111111110000000000000000000000000000000
000000011111111110000000000011111111111111111111111111111111100000000000000000000000000000000
000000011111111111000000111111111111111111111111111111111111100000000000000000000000000000000
000000111111111111100001111111111111111111111111111111111111110111111100000000000000000000000
000000111111111111100011111111111111111111111111111111111111111111111110000000000000000000000
000000111111111111101111111111111111111111111111111110111111111111111111000000000000000000000
000000111111111111111111111111111111111111111111111110111110011111111111000000000000000000000
000000111111111111111111111111111111111111111111111110000110111111111111000000000000000000000
000001111111111111111111111111111111111111111111111100000000111111111111000000000000000000000
000001111111111111111111111111111111111111111111110100000000111111111111000000000000000000000
000001111111111111111111111111111111111111111111110000000000111111111110000000000000000000000
000001111111111111111111111111111111111111111111110000000000111111111100000000000000000000000
000001111111111111111111111111111111111111111111110000000001111111111100000000000000000000000
000001111111111111111111111111111111111111111100110000000001111111111100000000000000000000000
000011111111111111111111111111111111111111111000010000000001111111111000000000000000000000000
000011111111111111111111111111111111111111111000100000000001111111111000000000000000000000000
000011111111111111111111111111111111111111111100100000000000111111111000000000000000000000000
000111111111100011111111111111111111111111111100100000000000001111111000000000000000000000000
000111111110000001111111111111111111111111111100111000000000000000110000000000000000100000000
000111111100000001111111111111111111111111111100111000000000000000000000000000000000100000000
001111111100000001111111111111111111111111111100111000000000000000000000000000000001110000000
001111111100000001111111111111111111111111111110111000000000000000000000000000000001111000000
000011100000000001111111111111111111110111111111110000000000000000000000000000000001111100000
000000000000000001111111111111111111110111111111100000000000000000000000000000000001111100000
000000000000000001111111111111111111100011111111100000000000000000000000000000000001111100000
000000000000000000001111111111111111100111111111100000000000000000000000000000000001111100000
000000000000000000000110111111111111110111111111100000000000000000000000000000110011111110000
000000000000000000000101111111111111110111111111100000000000000000000000000001111111111111000
000000000000000000000011111111111111100011111111100000000000000000000000000011111111111111000
000000000000000000000111100011111111100011111111110000000000000000000000000011111111111111100
000000000000000000000111100000000111100111111111110000000000000000000000000011111111111111100
000000000000000000000111000000000111101011011111110000000000000000000000000111111111111111110
000000000000000000000110000000000000111111001111111000000000000000000000000111111111111111100
000000000000000000001100000000000000001111000111111000000000000000000000001111111111111111100
000000000000000000001100000000000000001100000111111100000000000000000000001111111111111110000
001100000000000000001100010000000000000000000011111100000000000000000000001111111111111110000
001110000000000000011000010000011000000000000011111100000000000000000000000111111111111100000
001110000000000000111011110001111000000000000001111110000000000000000000000111111111111100000
001111000000100001111111111011111100000000000001111110000000000000000000001111111111111100000
001111000000100001111111111111111100000000000000011111100001111100000000001111111111111000000
011111111011110011111111111111111100000000000000001111111111111110000000001111111111111100000
011111111111111111111111111111111000000000000000001111111111111111000000011111111111111100000
011111111111111111111111110111111000000000000000001111111111111111100000001111111111111100000
011111111111111111111111110011110000000000000000000111111111111111110000011111111000111110000
001111111111111111111111110001000000000000000000000111111111111111110000011111110000111111000
001111111111111111111111110000000000000000000000000111111111111111111000111111110000011111000
001111111111011111111111100000000000000000000000000011111111111111111110111111100000011111100
001111101001011111111111100000000000000000000000000001111111111111111111111111000000011111110
001111000000001111111111100000000000000000000000000001111111111111111111111110000000011111100
000111000000001111111111000000000000000000000000000001111111111111111111111100000000011111110
000011000000001111111111000000000000000000000000000001111111111111111111110000000000011111101
000010000000001111111110000000000000000000000000000000111111111111110111100000000000001111101
000001000000000111111100000000000000000000000000000000011111111111100000000000000000001111111
000001000000000111111100000000000000000000000000000000011111111111000000000000000000001111111
000001000000000111111000000000000000000000000000000000001111111111000000000000000000000001111
000001000000000111100000000000000000000000000000000000001111111110000000000000000000000011111
000000000000000110000000000000000000000000000000000000001111100000000000000000000000000011111
000000000000000000000000000000000000000000000000000000011110000000000000000000000000000001111
000000000000000000000000000000000000000000000000000000011110000000000000000000000000000001111
000000000000000000000000000000000000000000000000000000011100000000000000000000000000000101111
000000000000000000000000000000000000000000000000000000111100000000000000000000000000000111111
000000000000000000000000000000000000000000000000000000111100000000000000000000000000000111111
000000000000000000000000000000000000000000000000000000111100000000000000000000000000000111111
000000000000000000000000000000000000000000000000000001111100000000000000000000000000000111111
000000000000000000000000000000000000000000000000000001111100000000000000000000000000000111111
000000000000000000000000001110000000000000000000000011111100000000000000000000000000000111111
000000000000000000000000001110000000000000000000000011111100000000000000000000000000000111111
000000000000000000000000000111001100000000000000000111111100000000000000000000000000000111000
000000000000000000000000000111111100000000000000000111111100000000000000000000000000001110000
000000000000000000000000000111111110000000000000000011111100000000000000000000000000011100000
000000000000000000000000000111111111000000000000000111111100000000000000000000000000011100000
000000000000000000000000000111111111000000000000000111111000000000000000000000000000011100000
000000000000000000000000000011111111100000000000000111111000000000000000000000000000111100000
000000000000000000000000000011111111110000000000000111111000000000000000000000000000111100000
000000000000000000000000000011111111111000000000011111111000000000000000000000000000111100000
000000000000000000000000000011111111111100000000011111111000000000000000000000000000111100000
000000000000000000000000000001111111111111011010011111110000000000000000000000000000111100000
000000000000000000000000000001111111111111111110111111110000000000000000000000000000111100000
000000000000000000000000000000001111111111111111111111100000000000000000000000000000111110000
000000000000000000000000000000001111111111111111111111000000000000000000000000000001111110000
000000000000000000000000000000000111111111111111111110000000000000000000000000011111111110000
000000000000000000000000000000000111111111111111111110000000000000000000000000011111111110000
000000000000000000000000000000000111111111111111111000000000000000000000000000011111111111000
000000000000000000000000000000001111001111111111110000000000000000000000000000111111111111000
000000000000000000000000000000001111001111111111000000000000000000000000000000111111111111100
000000001111110000000000000000011110001111111111000000000000000000000000000000111111111111100
000011111111110000000000000000111110001111111111000000000000000000000000000000011111111111100
000111111111110000000000000001111100001111111110000000000000000000000000000000011111111111100
001111111111100000000000000001111000001111011110000000000000000000000000000000011111111111100
001111111111111100000000000111110000000111001000000000000000000000000000000000011111111111100
011111110001111111111000001111100000000011000000000000000000000000000000000000011111111111110
111110000000011111111100111110000000000011000000000000000000000000000000000000001111111111110
111000000000000111111111111100000000000001000000000000000000000000000000000000001111111111110
111000000000000000001111111000000000000000000000000000000000000000000000000000001111111111110
110000000000000000000000000000000000000000000000000000000000000000000000000000000111111111110
100000000000000000000000000000000000000000000000000000000000000000000000000000000011111111110
