00000000000000000000000000000000000000000000000000
00000000000000000000000000000000000000000000000000
00000000000000000000000000000000000000000000000000
00000000000000000000000000000000000000000000000000
00000000000000000000000000000000000000000000000000
00000000000000000000000000000000000000000000000000
00000000000000000000000000000000000000000000000000
00000000000000000000000000000000000000000000000000
00000000000000000000000000000000000000000000000000
00000000000000000000000000000000000000000001111111
00000000000000000000000000000000000000000001111111
00000000000000000000000000000000000001000111111111
00000000000000000000000000000000000001111111111111
00000000000000000000000000000000000001111111111111
00000000000000000000000000000000000001111111111111
00000000000000000000000000000000000001111111111111
00000000000000000000000000000000000000111111111111
00000000000000000000000000000000110000111111111111
00000000000000000000000000000001111001111111111111
00000000000000000000000000000001111111100111111111
00000000000000000000110011110011111111000111111111
00000000000000000001110011111111111111001111111111
00000000000000000011110011111111111111111111111111
00000000000000000011111111111111111111111111111111
00000000000000000001111111111111111111111110001111
00000000000000000000111111111111111111111110001111
00000000000000000000011111111111111111111110011000
00000000000000000000001111111111111111111111111000
00000000000000000000001111111111111111111111110000
00000000000000000000111111111111111111111111110000
00000000000000000001111111111111111111111111110000
00000000000000000001111111111111111111111111110000
00000000000000000111110001111111111111111111110000
00000000000000001111110001111111111111111111111000
00000000000000001111111111111111111111111111111000
00000000000000001111111111111111111111111111111000
00000000000000000111111111111111111111111111111000
00000000000000000011111111111111111111111111110000
00000000000000000001111111111111111111111111110000
00000000000000000001111011111111111111111111111000
00000000000000000001111000011111111111111111111100
00000000000000000011110000001111111111111111111100
00000000000000000111111100001111110011111111111111
00000000000000001111111110011111100011111111001111
00000000000000001111111110111111100111111111001110
00000000000000011111111111111111111111011111001110
00000000000000011111111111111111111111000111111000
00000000000000011101111111111111111111000011110000
00000000000000011100011111111111111110000001110000
00000000000000111100011111100011111100000000100000
00000000001111111000011111000001111000000000000000
00000000111111111000111110000001010000000000000000
00000001111111111000111000000000000000000000000000
00000011111111111000111000000000000000000000000000
00000111111111111111111000000000000000000000000000
00001111111111111111110000000000000000000000000000
00011111111111111111100000000000000000000000000000
00111111111111111111000000000000000000000000000000
01111111111111111110000000000000000000000000000000
11111111111111111100000000000000000000000000000000
11111111111111111100000000000000000000000000000000
11111111111111111000000000000000000000000000000000
11111111111111111000000000000000000000000000000000
11111111111111111000000000000000000000000000000000
11111111111111110000000000000000000000000000000000
11111111111111110000000000000000000000000000000000
11111111111111100000000000000000000000000000000000
11111111111111100000000000000000000000000000000000
11111111111110000000000000000000000000000000000000
11111111111100000000000000000000000000000000000000
11111111111100000000000000000000000000000000000000
11111111100000000000000000000000000000000000000000
11111111000000000000000000000000000000000000000000
11111110000000000000000000000000000000000000000000
11111110000000000000000000000000000000000000000000
