0000000000000000000000000000000000000000000000000000000000000000000000000000000000000000000000000000000000000000
0000000000000000000000000000000000000000000000000000000000000000000000000000000000000000000000000000000000000000
0000000000000000000000000000000000000000000000000000000000000000000000000000000000000000000000000000000000000000
0000000000000000000000000000000000000000000000000000000000000000000000000000000000000000000000000000000000000000
0010000000000000000000000000000000000000000000000000000011111000000000000000000111111111111110000000000000000000
0011001101101111100000100000000000000000000000000000000011111100000000000000001111111111111111100000000000000000
0011001111111111111101101111100001100001000000000000000111111110000000000000011111111111111111110000000000000000
0001001111111111111111111111111101111111100000000000011111111111000000000000111111111111111111111000000000000000
0011111111111111111111111111111111111111111000000001011111111111100000000011111111111111111111111100000000000000
0011111111111111111111111111111111111111111100000001111111111111100000000111111111111111111111111110000000000100
0011111111111111111111111111111111111111111110000011111111111111111000000111111111111111111111111111100000001100
0011111111111111111111111111111111111111111111000111111111111111111110011111111111111111111111111111110000011100
0011111111111111111111111111111111111111111111101111111111111111111110111111111111110001111111111111111000111100
0011111111111111111111111111111111111111111111111111111111111111111111111111111111100000110001111111111101111100
0011111111111111111111111111111111111111111111111111111111111111111111111111111111000000110000111111111111111100
0011111111111111111111111111111100011111111111111111111111111111111111111111111100000000000000001111111111111100
0011111111111111111111111111111100011111111111111111111111111111111111111111111100000000000000000111111111111100
0011111111111111111111111111110000001111111111111111111111111111111111111111110000000000000000000001111111111100
0011111111111111111110001110000000001111111111111111111111111111111111111111100000000000000000000001111111111100
0011111111111000000000000000000000001111111111111111111111111111111111111111100000000000000000000001111111111100
0011111111111000000000000000000000000111111111111111111101111111111111111111100000000000000000000001111111111100
0011111111111000000000000000000000000001111111111111111101111111110111111111100000000000000000000001111111111100
0011111111111000000000000000000000000000111111111111111101100011110111111111100000000000000000000001111111111100
0011111111111000000000000000000000000000111111111111111101100011111111111111100000000000000000000001111111111100
0011111111111000000000000001000000000000011111111111111000000011111111111111100000000000000000000000111111111100
0011111111111000000000000011000000000000000011111111111000000001111111111111000000000000000000000000111111111100
0011111111111000000000000111000000000000000011111111111000000001111111111111000000000000000000000000111111111100
0011111111100000000000011111111111100000000011111111111000000000111111111111000000000000000000000000111110011100
0011111111100000000000011111111111110000000011111111111000000000000111111111000000000000000000000000111111011100
0001111111100000000000111111111111111100000011111111111000000000000111111111100000000000000000000000111111111100
0001111111100000000011111111111111111110000011111111111000000000000011111111100000000000000000000001111111111100
0011111111100000001111111111111111111110000011111111111000000000000011111111111100000000000000000111111111111100
0011111111100000011111111111111111111110000011111111110000000000000011111111111110000000000000011111111111111100
0011111111110001111111111111111111111110000111111111110000000000000001111111111110000000000000011111111111111100
0011111111110001111111111111111111111110000111111111110000000000000000011111111111000000000000111111111111111100
0011111111111111111111111111111111111111000111111111110000000000000000011111111111000000000000111111111111111100
0011111111111111111111111111111111111111111111111111110000000000000000011111111111000000000001111111111111111100
0011111111111111111111111111111111111111111111111111110000000000000000001111111111110000000001111111111111110000
0011111111111111111111111111111111111111111111111111111000000000000000000011111111111000000111111111111111110000
0011111111111111111111111111111111111111111111111111111001000011000000000011111111111100000111111111111111100000
0011111111111111111111001111111111111111111111111111111111000111100000000011111111111100011111111111111110000000
0011111111111111111111101111111111111111111111111111111111000111100000000011111111111111111111111111111110000000
0011111111111111111111111111111111111111111111111111111111110111100000000011111111111111111111111111110000000000
0011111111111111111111111111111111111111111111111111111111111111100000000011111111111111111111111111110000000000
0011001111111111111111111111111111111111111111111111111111111111000000000011111111111111111111111111000000000000
0011101111111111111111111111111111111111111111111111111111111111000000000011111111100111111111111110000000000000
0011111111111111111111111111111111111111111111111111111111111111000000000011111111110111111111110000000000000000
0011111111111111111111111111111111111111111111111001111111111111000000000011111111111111111111110000000000000000
0011111111111111111111111111111111111111111111111101111111111111000000000011111111111111111111110000000000000000
0011111111111111111111111111111111111111111111111111111111111111000000000011111111111111111111110000000000000000
0011111111111111100111111111111111111111111111111111111111111111000000000011111111111111111111110000000000000000
0011111111111111100111111111111111111111111111111111111111111111000000000011111111111111111111110000000000000000
0011111111111111000001111111111111111111111111111111111111111111000000000011111111111111111111110000000000000000
0011111111111110000000111111111111111110011111111111111111111111000000000011111111111111111111110000000000000000
0000111111111000000000011111111111111100001111111111111111111111000000000011111111111111111111110000000000000000
0000111111111000000000011111111111110000000111111111111111111111000000000011111111111111111111110000000000000000
0000001111100000000000001111111111110000000011111111111111111111000000000011111111111111111111110000000000000000
0000000111000000000000000011111111111000000111111111111111111100000000000011111111111111111111110000000000000000
0000000000000000000000000011111111111000001111111111111111100000000000000011111111111111111111110000000000000000
0000000000000000000000000011111111111110111111111111111000000000000000000011111111111111111111110000000000000000
0000000000000000000000000011111111111111111111111111111000000000000000000011111111111111111111110000000000000000
0000000000000000000000000011111111111111111111111111100000000000000000000011111111111111111111110000000000000000
0000000000000000000000000011111110001111111111110000000000000000000000000011111111111111111111110000000000011100
0000000000000000000000000011111111111111111111110000000000000000000000000011111111111111111111110000000000011100
0000000000000000000000000011111111111111111111110000000000000000000000000111111110001111111111110000000000011100
0000000000000000000000000011111111111111111111110000000000000000000000001111111110001111111111110000000000011100
0000000000000000000000000001111111111111111111110000000000000000000011111111111110001110111111110000000000011100
0000000000000000000000000011111100111111111111100000000000000000000111111111111110000000111111111000000000011100
0000000000000000000000000011111110111111111111100000000000000000011111111111111100000000000011111100000000011100
0000000000000000000000000111111111111111111110000000000000000000111111111111111111000000000011111110000000011100
0000000000000000000000011111111111111111111111111000000000000000111111111111111111100000000001111111000000011100
0000000000000000000000111111111111111111111111111100000000000011111111111111111111100000000001111111100000011100
0000000000000000000000111111111111111111111111111111000000001111111111111111101111100000000001111111111000011100
0000000000000000000001111111111111111111111111111111000000011111111111111111101111100000000000111111111000011100
0000000000000000000011111111111111111111111111111111000000111111111111111111101111100000000000001111111100011100
0000000000000000000111111111111111111111111111111111000000111111110111111111101111100001000000001111111110111100
0000000000000000001111111111111111111111111111111111000001111111110111111111111111111111110000011111111111111100
0000000000000000011111111111111111111111111111111111000111111111000001111111111111111111110000111111111111111100
0001010000000000111111111111111111111111111111111111111111111100000000000111111111111111110001111111111111111100
0001110000000001111111111111111111111111111111111111111111111100000000000111111111111111111111111111111111111100
0001110000000001111111111111111111100011111111111111111111110000000000000111111111111111111111111111111111111100
0001110000000011111111111111111111100011111111111111111111110000000000000111111111111111111111111111111111111100
0011110000000011111111111111111111100001111111111111111111000000000000000111111111111111111111111111111111111100
0011111000000111111111111111111111100001111111111111111100000000000000000111111100111111111111111111111111111100
0011111100111111111111111111111110000001111111111111111100000000000000000111111110111111111111111100011111111100
0011111111111111111111111111111110000001111111111111110000000000000000000111111111111111111111111111111111111100
0011111111111111111111111111111000000001111111111111110000000000000000000111111111111111111111111111111111111100
0011111111111111111111111111111000000001111111111111000000000000000000000011111111111111111111111111111111111100
0011111111111111111111111111100000000001111111111100000000000000000000000011111111111111111111111111111111111100
0011111111111111111111111111100000000001111111111100000000000000000000000011111111111111111111111111111111111100
0011111111111111111111111110000000000001111111100000000000000000000000000111111111111111111111111111111111111100
0011111111111111111111111110000000000001111111100000000000000000000000000111111111111111100111111111111111111100
0011111110011111111111110000000000000001111111100000000000000000000000111111111111111111000011111111111111111100
0011111110111111111111110000000000000001111111100000000000000000000001111111111111111110000000111111111111111100
0011111111111111111111000000000000000001111111100000000000000000000001111111111111111000000000111111111101111100
0011111111111111111111000000000000000001111111000000000000000000000001111111111111110000000000000111111001111100
0011111111111111111111000000000000000001111111000000000000000000000011111111111111110000000000000111111111111100
0011111111111111111111000000000000000001111111000000000000000000000011111111111111110000000000000001111111111100
0011111111111111110000000000000000000001111111000000000000000000000001111100111111110000000000000000111111111100
0011111111111111110000000000000000000001111111000000000000000000000001111000011111110000000000000000111111111100
0011111111111111110000000000000000000001111111100000000000000000000000000000001111110000000000000000000011111100
0011111111111111110000000000000000000001111111100000000000000000000000000000000111110000000000000000000011111100
0011111000111111111000000000000000000001111111111100000000000000000000000000000011100000000000000000000011111100
0011110000111111111110000000000000000011111111111100000000000000000000000000000000100000000000000000000011111100
0011110000111111111110000000000000000011111111111100000000000000000000000000000000100000000000000000000011111100
0011110000111111111110000000000000000011111111111100000000000000000000000000000000000000000000000000000011111100
0011100000111111111110000000000000000011111111111100000000000000000000000000000000000000000000000000000011111100
0011000000111111111110000000000000000011111111111100000000000000000000000000000000000000000000000000000011111100
0000000000111111111111100000000000000111111111111100000000000000000000000000000000000000000000000000000011111100
0000000000111111111111100000001100000111111111111100000000000000000000000000000000000000000000000000000011111100
0000000000111111111111111000001111111111111111111100000000000000000000000000000000000000000000000000000011111100
0000000000111111111111111000001111111111111111111100000000000000000000000000000000000000000000000000000011111100
0000000000111111111111111100001111111111111111111100000000000000000000000000000000000000000000000000000011111100
0000000000111111111111111100001111111111111110111100011100010000000000000000000000000000000000000000000111111100
0000000000111111111111111100001111111111111110011111111100011000000000000000000000000000000000000000011111111100
0000000000111111111100111111111111111111111111111111111100011100000000000000000000000000000000000000011111111100
0000000000111111111110111111111111111111111111111111111100011100000000000000000000000000000000000000011111111100
0000000000111111111111111111111111111111111111111111111111111111000000000000000000000000000000000000011111111100
0000000110111111111111111111111111111111111111111111111111111111000000000000000000000000000000000011011111111100
0000001110111111111111111111111111111111111111111111111111111111111000000001100000000000000000000111011111111100
0000001111111111111111111111111111111111111111111111111111111111111000000011110000000000000000001111111111111100
0001111111111111111111111111111111111111111111111111111111111111111100000011111000000000000000011111111111111100
0001111111111111111111111111110011111111111111111111111111111111111111001111111100000000000000011111111111111100
0001111111111111111111111111100000111111111111111110001111111111111111001111111110000000000001111111111111111100
0001111111111111111111111110000000011111111111111110000111111111111111111111111111100000000001111111111111111100
0001111011111111111111111111000000111111111111111110000111111111111111111111111111100000001111111111111111111100
0001110001111111111111111111100000111111111111110000000111111111111111111111111111110000001111111111111110011100
0001111111111111111111111111110001111111111111100000000111111111111111111111111111111100011111111111111110011100
0001111111111111111111111111111111111111111111000000000111111111111111111111111111111100111111111111111111111100
0001111111111111111111111111111111111111111111000000000111111111111111111111111111111111111111111111111111111100
0001111111111111000000000111111111111111111100000000000111111111111000001111111111111111111111110111111111111100
0001111111111111000000000111111111111111100000000000000111111111111000001111111111111111111111110011111111111100
0001111111111111000000000111111111111100000000000000000111111111111000001111111111111111111111110011111111111100
0001111111111111000000000111111111111100000000000000000111111111111000001111111111111111111111110011111111111100
0001111111111111000000000111111111110000000000000000000111111111111000001111111111111111111111111000001111111100
0001111111111111000000000111111111110000000000000000000111111111111000001111111111111111111111111000001111111100
0001111111111111000000000111111111000000000000000000000111111111111000001111111111111110011111111100000111111100
0001111111111111000000000111111111000000000000000000000111111111111000001111111111111110011111111100000111111100
0001111111111111000000000111111111000000000000000000000111111111111000000001111111111000000111111100000111111100
0001111111111111000000000111111111000000000000000000000111111111111000000001111111110000000111111100000111111100
0000111111111111000000000111111111000000000000000000000111111111111000000000011111100000000111111100000000111100
0000111001111111000000000111111111000000000000000000000111111111111000000000011111100000000111111100000000111100
0001111101111111000000000111111111000000000000000000000111111111110000000000000000000000000111111100000000111100
0001111111111111000000000111111111000000000000000000000111111111110000000000000000000000000111111100000000111100
0001111111111111000000000111111111000000000000000000000111111111111000000000000000000000000111111000000000111100
0001111111111111000000000111111111000000000000000000000111111111111000000000000000000000000111111000000000111100
0001111111111111000000000111111111000000000000000000000111111111111000000000000000000000000111111000000000111100
0001111111111111000000000111111111000000000000000000000111111111111000000000000000000000000111111000000000111100
0001111111111111000000000111111111100000000000000000001111111111111000000000000000000000000111111000000000111100
0001111111111111000000000011111111110000000000000000001111111111111100000000000000000000000111111000000000111100
0001111111111111000000000011111111111100000000000000011111111111111100000000000000000000000111111000000000111100
0001111111111111000000000000011111111110000000000000011111111111111111000000000000000001111111111000000000111100
0001111111111100000000000000000111111110000000000000011111110011111111110000000000000001111111111100000000111100
0001111111110000000000000000000111111111000000000001111111110011111111110000000000000001111111111100000000111100
0001111111110000000000000000000111111111000000000001111111111111111111111000000000000001111111111100000000111100
0000111111110000000000000000000111111111000000000001111111111111111111111000000000000011111111111111110000111100
0000111111110000000000000000000111111111000000000111111111111111111111111000000000000111111111111111111100111100
0001111111110000000000000000000111111111000000000111111111111111111111111000000000000111111111111111111100111100
0001111111110000000000000000000111111111000000000111111110000000111111111000000000011111111111111111111111111100
0001111111110000000000000000000111111111001110111111111100000000111111111000000000111111111111111111111111111100
0001111111110000000000000000000111111111111111111111111100000000011111111111110001111111111111111111111111111100
0001111111110000000000000000000111111111111111111111111100000000011111111111111011111111111111111111111111111100
0001111111100000000000000000000111111111111111111111111000000000001111111111111111111111111111111111111111111100
0001111111100000000000000000000111111111111111111111111000000000001111111111111111111111111111111111111111111100
0001111111100000000000000000000111111111111111111111110000000000000111111111111111111111111111111111111111111100
0000000000000000000000000000000000000000000000000000000000000000000000000000000000000000000000000000000000000000
0000000000000000000000000000000000000000000000000000000000000000000000000000000000000000000000000000000000000000
0000000000000000000000000000000000000000000000000000000000000000000000000000000000000000000000000000000000000000
