0000000000000000000000000000000000000000000000000000000000000000000000000000000000000000000000000000000000000000
0000000000000000000000000000000000000000000000000000000000000000000000000000000000000000000000000000000000000000
0000000000000000000000000000000000000000000000000000000000000000000000000000000000000000000000000000000000000000
0000000000000000000000000000000000000000000000000000000000000000000000000000000000000000000000000000000000000000
0000000000000000000000000000000000000000000000000000000000000000000000000000000000000000000000000000000000000000
0000000000000000000000000000000000000000000000000000000000000000000000000000000000000000000000000000000000000000
0000000000000000000000000000000000000000000000000000000000000000000000000000000000000000000000000000000000000000
0000000000000000000000000000000000000000000000000000000000000000000000000000000000000000000000000000000000000000
0000000000000000000000000000000000000000000000000000000000000000000000000000000000000000000000000000000000000000
0000000000000000000000000000000000000000000000000000000000000000000000000000000000000000000110000000000000000000
0000000000000000000000000000000000000000000000000000000000000000000000000000000000000000001111101111000000000000
0000000000000000000000000000000000000000000000000000000000000000000000000000000000000000001111111111110000000000
0010000001100001000000000000000000000000000000000000000000000000000000000000000000000000111111111111110000000000
0011000011111101110000000000000000000000000000000000000000000000000000000000000000000000111111111111111000000000
0001100111111111110000000000000000000000000001100001000000000000000000000000000000000111111111111111111110000000
0001111111111111110000000000000000000000000001101111100000000000000000000000000000000111111111111111111110000000
0000111111111111111000000000000000000000110001111111110000000000000000000000000000011111111111111111111111111100
0000111111111111111000000000000000000001110001111111110000000000000000000000000000111111111001111111111111111100
0000111111111111111101000000000000000011111111111111110000000000000000000000000001111111111001111111111111111100
0001111111111111111111110000000000000111111111111111110000000000000000000000000111111111111111111111111111111100
0001111111111111111111111100000000001111111111111111111000000000000000000000000111111111111111111111111111111100
0001111111111111111111111110000000111111111111111111111100000000000000000000001111111111111111111111111111111100
0001111111111111111111111111000000111111111111111111111110000000000000000000001111111111111111111111111111111100
0001111111111111111111111111000011111111111111111111111110000000000000000000011111111111111111100111111111111100
0001111111111111111111111111010111111111111111111111111110000000000000000000011111111111111111111111111111111100
0011111111111111111111111111111111111111111111111111111110000000000000000001111111111111111111111111111111111100
0011111111001111111111111111111111111111111111111111111110000000000000000001111111111111111111111111111111111100
0011111111111111111111111111111111111111111111111111111110000000000000000001111111111111111111111111111111111100
0011111111111111111111111111111111111111111111111111111110000000000000000001111111111111111111111111111111111100
0011111111111111111111111111111111111111111111111111111100000000000000000001111111111111111111111111111110011100
0011111111111111111111111111111111111111111111111111111100000000000000000001111111111111111111111111111100001100
0011111111111111111110011111111111111111111110011111111100000000000000000000111110011111111111111111110000000100
0011111111111111111110011111111111111111111111111111111100000000000000000000111110011111111111111111110000000000
0000111111111111111000001111111111111111111111111111111110000000000000000001111111111111111111111111110000000000
0000011111111111110000000111111111111111111111111111111110000000000000000001111111111111111111111111110000000000
0000001111111111100000000011111111111111111111111111111111100000000000000001111111111111111111111111110000000000
0000000111111111100000000001111111111111111111111111111111110000000000000001111111111111111111111111110000000000
0000000001111100000000000000011111111111111111111111111111111000000000000001111111111111111111111111110000000000
0000000001111100000000000000001111111111111111111111111111111000000000000001111111111111111100111111110000000000
0000000000000000000000000000000110111111111111111111111111111100000000000001111111111111111100111111110000000000
0000000000000000000000000000000000001110011111111111111111111100000000000001111111111111111111111111110000000000
0000000000000000000000000000000000001100011111111111111111111110000000000001111111111111111111111111100000000000
0000000000000000000000000000000000000000001111111111111111111110000000000001111111111111111111111111100000000000
0000000000000000000000000000000000000000001111111111111111111111000000000011111111111111111111111111100000000000
0000000000000000000000000000000000000000001111111111111111111111000000000011111111111111111111111111111000000000
0000000000000000000000000000000000000000001111111111111111111111000000000011111111111111111111111111111000000000
0000000000000000000000000000000000000000001111111111001111111111000000000111111111111111111111111111111000000000
0000000000000000000000000000000000000000001111111111101111111111101111001111111111111111111111111111111000000000
0000000000000000000000000000000000000000001111111111111111111111111111111111111111111111111111111111111000000000
0000000000000000000000000000000000000000001111111111111111111111111111111111111111111111111111111111111111000000
0000000000000000000000000000000000000000001111111111111111111111111111111111111111111111111111111111111111111000
0000000000000000000000110000000000000000001111111111111111111111111111111111111111111111111111111111111111111000
0000000000000000001111110000000000000000000111111111111111111111111111111111111111111111111111111111111111111000
0000000000000000011111111000000000000000000111111111111111111111111111111111111111111111111111111111111111111000
0000000000000000111111111110000000000000000111111111111111111111111111111111111111111111111111111111111111111100
0000000000000011111111111111100000000000000111111111111111111111111111111111111111111111111111111111111111111100
0000000000000111111111111111100000000000001111111111111111111111111111111111111111111100111111111111111111111100
0000000000001111111111111111110000000000001111111111111111111111111111111111111111110000011100011111111111111100
0000000000011111111001111111111000000000001111111111111111111111111111111111111111110000000000011111111111111100
0000000000111111111001111111111000000000001111111111111111111111111111111111111111000000000000011111111111111100
0000000001111111111111111111111000000000001111111111111111111111111111111111111110000000000000011111111111111100
0000000111111111111111111111111000000000001111111111111111111111111111111111111100000000000000011111111111111100
0000000111111111111111111111111000000000000001111111111110000011111111111111111100000000000000011111111111111100
0000000111111111111111111111111000000000000001111111111110000011110000111111100000000000000000011111111111111100
0000011111111111111111111111111000000000000000011111111110000001100000011100000000000000000000011111111111111100
0000011111111111111111111111111000000000000000000111111110000000000000001100000000000000000000011111111111111100
0001111111111111111111111111111000000000000000000111111110000000000000000000000000000000000000001111111111111100
0001111111111111111111111111111000000000000000000111111110000000000000000000000000000000000000001111111111111100
0001111111111111111111111111110000000000000000000111111110000000000000000000000000000000000000001111111111111100
0001111111111111111111111111110000000000000000000111111110000000000000000000000000000000000000001111111111111100
0001111111111111111111111111110000000000000000000111111110000000000000000000000000000000000000011111111111111100
0001111111111111111111111111111100000000000000000111111110000000000000000000000000000000000000011111111111111100
0001111110011111111111111111111110000000000000000111111110000000000000000000000000000000000001111111111111111000
0001111110011111111111111111111110000000000000000111111110000000000000000000000000000000000011111111111111111000
0001111111111111111111111111111110000000000000000111111110000000000000000000000000000000000111111111111111111000
0001111111111111111111111111111110000000000000000111111110000000000000000000000000000000000111111111111111100000
0001111111111111111111111111111110000000000000000111111110000000000000000000000000000000001111111111111111100000
0001111111111111111111111111111110000000000000000111111110000000000000000000000000000000001111111111111110000000
0001111111111111111111111111111100000000000000000111111110000000000000000000000000000001111111111111111100000000
0001111111111111111111111111111100000000000000000111111111000000000000000000000000000001111111111111111100000000
0001111111111111111111111111111100000000000000000111111111000000000000000000000000000001111111111111111100000000
0001111111111111111111111111111100000000000000000111111111100000000000000000000000000001111111111111111100000000
0001111111111111111111111111111100000000000000000111111111100000000000000000000000000001111111111111111100000000
0001111111111111111111111111111100000000000000000111111111111000000000000000000000000001111111111111111100000000
0001111111111111110011111111111100000000000000000111111111111000000000000000000000000001111111111111111100000000
0001111111111111110011111111111100000000000000000111111111111000000000000000000000000001111111111111111000000000
0001111111111111100011111111111100000000000000000111111111111000000000000000000000000000111111111111111000000000
0001111111111111000001111111111100000000000000000111111111111000000000000000000000000000111111111111111000000000
0001111111111100000001111111111100000000000000000011111111111111100000000000000000000000111111111111111000000000
0001111111111100000001111111111000000000000000000011111111111111110000000000000000000001111111111111111000000000
0001111111100000000001111111111000000000000000000011111111111111110000000000000000000011111111111111111000000000
0001111111100000000001111111111000000000000000000011111111111111111100000000000000000011111111111111111000000000
0001111111000000000001111111111000000000000000000011111111111111111110000000000000001111111111101111111000000000
0001111110000000000001111111111000000000000000000011111111111111111111000000000000011111111111101111111000000000
0001111110000000000001111111111100000000000000000011111111111111111111100000000000111111111111111111111000000000
0001111110000000000001111111111100000000000000000011111111111111111111111000000000111111111111111111111000000000
0001110000000000000001111111111100000000000000000011111111111111111111111100000001111111111111111111111100000000
0000000000000000000001111111111100000000000000000011111111111111111111111100000011111111111111111111111100000000
0000000000000000000001111111111100000000000000000011111111111111111111111111001111111111111111111111111100000000
0000000000000000000001111111111100000000000000000111111111111111111111111111001111111111111111111111111100000000
0000000000000000000001111111111100000000000000000111111111100111111111111111111111111111111111111111111100000000
0000000000000000000001111111111100000000000000000111111111100111111111111111111111111111111111111111111100000000
0000000000000000000001111111111100000000000000000111111111111111111111111111111111111111111111111111111100000000
0000000000000000000001111111111100000000000000000111111111111111111111111111111111111111111111111111111100000000
0000000000000000000001111111111110000000000000000111111111111111111111111111111111111111111111111111111100000000
0000000000000000000001111111111111000000000000000111111111111111111111111111111111111111111111111111111110000000
0000000000000000000001111111111111100000000000000111111111111111111111111111111111111100001111111111111111100000
0000000000000000000001111111111111111000000000001111111111111111111111111111111111111100000111111111111111110000
0000000000000000000001111111111111111100000000011111111111111111111111111111111111111000000111111111111111110000
0000000000000000000001111111111111111100000000011111111111111111111111111111111111110000000111111111111111111000
0000000000000000000001111111111111111111000000111111111111111111111111111111111111000000000111111111111111111000
0000000000000000000011111111111111111111011111111111111111111111111111111111111111000000000111111111111111111000
0000000000000000000011111111111111111111111111111111111111111111111111111111111000000000000111111111111111111000
0000000000000000000011111111111111111111111111111111111111111111111111111111110000000000000111111111111111100000
0000000111110000001111111111111111111111111111111111111111111111111111111111110000000000000111111111111111100000
0000000111110000001111111100111111111110111111111111111111111100001111111111110000000000000111111111111110000000
0000000111111111111111111100111111111100111111111111111111111000000000001111110000000000000111111111111100000000
0000000111111111111111111111111111110000001100011111111111111000000000000111110000000000000111111111111000000000
0000001111111111111111111111111111110000000000001100011111111000000000000111110000000000000111111111100000000000
0000001111111111111111111111111111110000000000000000011111111000000000000111110000000000000111111111100000000000
0000001111111111111111111111111111110000000000000000011111111000000000000111110000000000000111111111100000000000
0000001111111111111111111111111111110000000000000000011111111000000000000011110000000000000111111111100000000000
0000001111111111111111111111111111110000000000000000011111111000000000000011110000000000000111111111100000000000
0000001111111111111111111111111111110000000000000000011111111000000000000011100000000000000111111111100000000000
0000001111111111111111111111111111110000000000000000011111111000000000000011100000000000000111111111100000000000
0000001111111111111111111111111111110000000000000000011111111000000000000000000000000000000111111111100000000000
0000001111111111111111111111111111110000000000000000011111111000000000000000000000000000000111111111000000000000
0000001111111111111111111111111111110000000000000000011111111000000000000000000000000000000111111111000000000000
0000001111111111111111111111111111100000000000000000011111111000000000000000000000000000000111111111000000000000
0000001111111111111111111111111111100000000000000000011111111000000000000000000000000000000111111111000000000000
0000001111111111111111111111111111100000000000000000011111111000000000000000000000000000000111111111000000000000
0000000111111111111111011111001111100000000000000000011111111000000000000000000000000000001111111111000000000000
0000000011111111111100000110000011110000000000000000011111111000000000000000000000000000001111111111000000000000
0000000001100011111000000000000001110000000000000000011111111000000000000000000000000000001111111111000000000000
0000000000000001110000000000000000000000000000000000001111111000000000000000000000000000001111111111000000000000
0000000000000000110000000000000000000000000000000000001111111000000000000000000000000000011111111111000000000000
0000000000000000000000000000000000000000000000000000001111111000000000000000000000000000111111111111000000000000
0000000000000000000000000000000000000000000000000000011111111000000000000000000000000011111111111111000000000000
0000000000000000000000000000000000000000000000000000011111111000000000000000000000000111111111111111100000000000
0000000000000000000000000000000000000000000000000000011111111000000000000000000000000111111111111111100000000000
0000000000000000000000000000000000000000011111111001111111111000000000000000000000000111111111111111100000000000
0000000000000000000000000000000000000000011111111111111111111110000000000000000000001111111111111111100000000000
0000000000000000000000000000000000000000011111111111111111111110011111011111011110001111111111111111100000000000
0000000000000000000000000000000000000000011111111111111111111111111111111111111111111111111111111111100000000000
0000000000000000000000000000000000000000011111111111111111111111111111111111111111111111111111111111100000000000
0000000000000000000000000000000000000000011111111111111111111111111111111111111111111111111111111111000000000000
0000000000000000000000000000000000000000011111111111111111111111111111111111111111111111111111111111000000000000
0000000000000000000000000000000000000000011111111111111111111111111111111111111111111111111111111111000000000000
0000000000000000000000000000000000000000011111111111111111111111111111111111111111111111111111111111100000000000
0000000000011110110111011110000000000000011111111111111111111111111111111111111111111111111111111111111100000100
0000000000011111111111111111110110011100011111111111111111011111111111111111111111111111111111111111111110001100
0000000000011111111111111111111111111111111111111111111111011111111111111111111111111111111111111111111110001100
0000001100011111111111111111111111111111111111111111111111111111111111111111111111111111111111111111111111001100
0000001111111111111111111111111111111111111111111111111111111111111111111111111111111111111111111111111111111100
0000011111111111111111111111111111111111111111111111111111111111111111111111111111111111111111111111111111111100
0001111111111111111111111111111111111111111111111111111111111111111111111111111111111111111111000111111111111100
0001111111111111111111111111111111111111111111111111111111111111111111111111111111111111111111111111111111111100
0001111111111111111111111111111111111111111111111111111111111110011111111001111111111111111111111111111111111100
0001111111111111111111111111111111111111111111111111111111111000001110000000110000111111111111111111111111111100
0001111111111111111111111111111111111111111111111111110011111000000100000000000000111111111111111111111111111100
0001111111111111111111111111111111111111111111111111100001100000000000000000000000001111111111111111111111111100
0001111111111111111111111111111111111111111111111110000001100000000000000000000000000111111111111111111111111100
0001111111111111111111111111111111111111111111111110000000000000000000000000000000000011111111111111111111111100
0001111111111111111111111111111111111111111111111000000000000000000000000000000000000001111111111111111111111100
0001111111100111111110001111111101111100011111110000000000000000000000000000000000000000000011111111001111111100
0000000000000000000000000000000000000000000000000000000000000000000000000000000000000000000000000000000000000000
0000000000000000000000000000000000000000000000000000000000000000000000000000000000000000000000000000000000000000
0000000000000000000000000000000000000000000000000000000000000000000000000000000000000000000000000000000000000000
