0000000000000000000000000000000000000
0000000000000000000000000000000000000
0000000000000000000000001111100000000
0000000000111111111111111111111100000
0000000011111111111111111111111100000
0000000111111111111111111111111111000
0000011111111111111111111111111111000
0000011111111111111111111111111111100
0001111111111101001111111111111111000
0001111111111100000111111111100010000
0111111111111100000011111111000000000
0111111111110000000011111100000000000
0011111111100000000000111100000000000
0011111111100000000000111100000000010
0011001000000000000000111100000001110
0011000000000000000000111100000011110
0011000000000000000000111000000111110
0011000000000000000000111000111111111
0111000000000000000000111111111111111
0011110000000000000000111111111111111
0011110000000000000000111111111111111
0111111100000000000000111111111111111
0111111110000000000000111111111111111
0011111110000000000000111111111111110
0011111110000000001000111111111111110
0011111110000000001110011111111111110
0011111110000000001111011111111111110
0011111110000000111111011111111111110
0011111110000011111101011111111111110
0011111110000111111101011111111111110
0011111110000111111101101111111111110
0011111110000111110100101111111111110
0011111100000111110000111111111111100
0011111100000100011000111111111111100
0011111100001100011011111111111111100
0011111100001000001111111111111111100
0011111110011000001111111111111111110
0000011110011111101111111111111111110
0000011111111111111111111111111111110
0000011111111111111111111111111111110
0000011111111111111111111111111111110
0000011111111111111111111111111111110
0000011111111111111111111111111111111
0000011111111111111111111111111111111
0000011111111111111111111111111001111
0000011111111111111111111111111001111
0001111111111111111111111111111001111
0001111111111111111100111111111111111
0001111111111111111100111111111111111
0001111111111111111110111111111111111
0000111111111111111111111111111111111
0000000011111111111111111111111111111
0000000000000000000011100111111111111
0000000000000000000000000000000111111
0000000000000000000000000000000001111
0000000000000000000000000000000001111
