0000000000000011111111111100000110000
0000000000000011111111111100000110000
0000000000000011111111111100010110000
0000000000000011111001111100110110000
0000000000000011111000111100110110000
0000000000000011111000011000011110000
0000000000000011111100011000001110000
0000000000000011111110111000000111100
0000000000000001111111111000000011100
0000000000000001111111111000000001111
0000110111100001111111100000000000111
0000111111100011101110000000000000111
0001111111110011000000000000000000111
0011111111110110000000000000000000111
0111111111110110000000000000000000111
1110000001111100000000000000000000111
1110000011111100000000000000000001111
1111000111111100000000000000000001111
1111111111111100000000000000000011111
1111111111111100000000000000000011111
1111111111111100000000000000000111111
1111111111111100000000000000000111110
1111111111111100000000000000001111110
0111111111111110000000000000001111110
0011111111111111000000000000011111100
0001111111111111000000001100111111100
0000111111011111000010001100111111000
0000011111000111100111111111111111000
0000001111000011101111111111111110000
0000001110000001111111111111111110000
0000000000000000111111111111111110000
0000000000000000111111111111111110000
0000000000000000111111111111111110000
0000000000000001111111111111111110000
0000000000000001111111111111111110000
0000000000000001111111001111111110000
0000000000000001111111001111111110000
0000000000000001111111111111111110000
0000001100000001111111111111111110000
0000011110000001111111111111111100000
0000111111000011111111111111111000000
0000111111110111111111111111111000000
0000001111111111111111111111111000000
0000001111111101111001111111011100000
0000001111111101110001111110001100000
0000111111111111100001111110001110000
0000111111111111100001100110000110000
0000111011111111100001100000000111000
0000110000111111110000000000000011101
0001110000111111111000000000000011111
0011111000111111111100000000000011111
0001111101111111111100000000000011111
0001111111111001111000000000000111111
0000111111110000110000000000000111111
0000011100000000000000000000000011110
0000011100000000000000000000000000110
