0000000000000000000000000000000000000
0000000000000000000000000000000000000
0000000000000000000000000000000000000
0000000000000000000000000000000000000
0000000000000000000000000000000000000
0000000000000000000000000000000000000
0000000000000000000000000000000000000
0000000000000000000000000000000000000
0000000000000000000000000000000000000
0000000000000000000000000000000000000
0000000000000000000000000000000000000
0000000000000000000000000000000000000
0000000000000000000000000000000000000
0000000000000000000000000000000000000
0000000000000000000110100000000000000
0000000000000000000100110000000000000
0000000000000000011100011000000000000
0000000000010110111111111100000000000
0000000000011111111111111110000000000
0000000000011011111111111111000000000
0000000010010001111111111111000000000
0000000011111111111111111111100000000
0000000111111111111111111011100000000
0000001111111111111111110001100000000
0000001111001111111111100000100010000
0000011111111111111111000000011110000
0001111001111111111110000000001110000
0001110000011111111111000000011110000
0001000000001111111111100000111110000
0001000000000111111111110001111110000
0001100000011111111111111011111110000
0001100000111111111111111111111100100
0001111111111111111111111111111111100
0001111111111111111111111111111111100
0001111111111111111111111111111101100
0011111111111111111111111111111101100
0011111111111111111111101111111111100
0011111111111111111111000111111111000
0011111111111111111111011111111100000
0011111111111111111110011111111000000
0011001111111111111110011111111000000
0011111111111111111100011111100000000
0011111111111111111100111111000000000
0010111111111111111100111110000000000
0000011111111110011001111100000000000
0000001111111111100001111000000000000
0000000111111111100011110000000000000
0000000011111111110011100000000000000
0000000010111111111000000000000000000
0000000000110111111100000000000000000
0000000000001111111000000000000000000
0000000000000011100000000000000000000
0000000000000011100000000000000000000
0000000000000000000000000000000000000
0000000000000000000000000000000000000
0000000000000000000000000000000000000
