111111111111111100
111111111111111100
111111111111111100
111111111111111100
111111111111111100
111111111111111100
111111111111111100
111111111111111100
111111111111111100
111111111111111100
111111111111111100
111111111111111100
111111111111111100
111111111111111100
111111111111111100
111111111111111100
111111111111111100
111111111111111100
111111111111111100
111111111111111100
111111111111111100
111111111111111100
111111111111111100
111111111111111100
011111111111111100
001111111111111100
000111111111111100
000011111111111100
