0000000000000000000000000000000000000
0000000000000000000000000000000000000
0001111110000000000000000000000000000
0001111111000000000000000000000000000
0000111111000000000000000000000000000
0000111111100000000000000000000000000
0000011111100000000000000000000000000
0000011111110000000000000000000000000
0000001111110000000000000000000000000
0000001111111100000000000000000000000
0000000111111110000000000000000000000
0000000111111111000000000000000000000
0000000011111111100000000000000000000
0000000001111111111111100000000000000
0000000000111111111111100000000000000
0000000000011111111111110000000000000
0000000000001111111100110000000000000
0000000000001111111000111000000000000
0000000000001111110001111100000000000
0000000000001111100001111100000000000
0000000000001110000011111110000000000
0000000000001110000111100110000000000
0000000000001111011111101111000000000
0000000000001111111111101111000000000
0000000000000111111110000111100000000
0000000000000111111111000111111000000
0000000000000011111111000011111001000
0000000000000001111111100111111011000
0000000000000000111111111111111111100
0000000000000000000111111111111111100
0000000000000000000011111111111111110
0000000000000000000011111111111111110
0000000000000000000011111111111111110
0000000000000000000011111111111111110
0000000000000000000011111111111111100
0000000000000000000011111111111111000
0000000000000000000011111111111111000
0000001111100000000011111111111110000
0001111111100001100110111111111110000
0001111111100001111100111111111110000
0001111111100011111101111111111100000
0011111111100011111111101111111100000
0111111111100111110011011011011000000
0111111111111111100011110000000000000
0111111111111111100011110000000000000
0011111111111111000111100000000000000
0011111111111111100111000000000000000
0000011111111111111111000000000000000
0000011111111111111111000000000000000
0000001111111111111100000000000000000
0000000111111111111100000000000000000
0000000000111111111000000000000000000
0000000000001111110000000000000000000
0000000000001111000000000000000000000
0000000000000110000000000000000000000
0000000000000000000000000000000000000
