0000000000000000000000000000000001111
0000000000000000000000000000000111111
0001111111111111000111111111111111111
0111111111111111111111111111111101111
0111101111111111111111111111111001111
0011001011111111111111111111000011111
0011000011111111111111111100000111101
0011000011111111101111110000001111001
0111000011111111000111111001111110011
0111000001111110001111111011111100111
0111000001111110001111111011111100110
0111000001111111001111111111111100110
0111100011111111111111111111111001110
0111101111111111111111111111110001100
0011111111111111111111111111110011100
0011111111111000111111111111110011100
0111111100000000001111111111111111100
0111111000000000000111111111111111100
0111110000000000000111111111111111100
0111110000000001000111111111110011100
0111100011111111100111110000000001110
0111100010011111111111110000000001110
0111000011111111111111110000001111100
0111000111111111111111110000001111100
0111000111111111111111111101001111110
0111000111111111111111111111000011110
0111000111111111111111111111100011110
0111000111111111111111111111100001110
0111000111111111111111111111110001110
0111000111111111111111111111110000110
0111100111111111111111111111110000110
0111100001111111111111111111111100110
0111100001111111111111111111111100010
0111110001111111111111111111111100010
0111110001111111111111111111111100110
0111111111111111111111111111111100110
0111111111111111111111111111111100110
0111111111111111111111111111111000110
0011111111111111111111111111111000110
0011111111111111111111111111111000110
0011111111111111111111111111110001110
0011111111111111111111111110000011110
0011111111111111111111111110000011110
0011111111111111111111111100000111100
0011111111111100111111111000001111100
0011111111111100011111110000001111110
0111111111111100000000000001111001110
0111111111111111000000000011110000110
0000111111111111100000000011110000110
0000111111111111110001111111110000110
0001111100111111111111111111111111110
0011111000111111111111111111111111110
0011110000111111111111111111111111110
0111100000000000001111111111111111100
0111100000000000000000000000000000000
0111100000000000000000000000000000000
