000000000000000000000000000000000000000000000000000000000000000000000000000000000000000000000
000000000000000000000000000000000000000000000000000000000000000000000000000000000000000000000
000000000000000000000000000000000000000000000000000000000000000000000000000000000000000000000
000000000000000000000000000000000000000000000000000000000000000000000000000000000000000000000
000000000000000000000000000000000000000000000000000000000000000000000000000000000000000000000
000000000000000000000000000000000000000000000000000000000000000000000000000000000000000000000
000000000000000000000000000000000000000000000000000000000000000000000000000000000000000000000
000000000000000000000000000000000000000000000000000000000000000000000000000000000000000000000
000000000000000000000000000000000000000000000000000000000000000000000000000000000000000000000
000000000000000000000000000000000000000000000000000000000000000000000000000000000000000000000
000000000000000000000000000000000000000000000000000000000000000000000000000000000000000000000
000000000000000000000000000000000000000000000000000000000000000000000000000000000000000000000
000000000011111000000000000000000000000000000000000000000000000000000000000000000000000000000
000000000111111100000000000000000000000000000000000000000000000000000000000000000000000000000
000000000111111110000000000000000000000000000000000001000000000000000000000000000000000000000
000000001111111110000000000000000000000000000000000112000000000000000000000000000000000000000
000000001111111110000000000000000000000000000000001112000000000000000000001100000000000000000
000000001111111110000000000000000000000000000000001112000000000000000001111111100000000000000
000000000111111110000000000000000000000000000000001110000000000000000001111111110000100000000
000000000111111110000000000000000000000000000000001110000000100000000001111111110001110000000
000000000011111100000000000000000000000000000000001111000111100000000001111111111111110000000
000000000001110000000000000000000000000000000000000111100111100000000001111111111111111000000
000000000001110000000000000000000000000000000000000011110011101000000011111111111111111100000
000000000001110000000000000000000000000000000000000001110000011000000011111111111111111111100
000000000001110000000000000000000000000000000000000001110000011000000011111111111111111111100
000000000001110000000000000000000000000000000000000001110011001110000011211101111111111111100
000000000001110000000000000000000000000000000000000000110011101110000012211101111111111111100
000000000001110000000000000000000000000000000000000000111001111110000010011100001111111111100
000000000001110000000000000000000000000000000000000000111000111110000000000000000111111111200
000000000011110000000000000000000000000000000000000000111100011111000000000000000211111111200
000000000111111000000000000000000000000000000000000000111100011111000000000000000211111111200
000000000111111000000000000000000000000000000000000000011111111111000000000000000211111112200
000000011111111000000000000000000000000000000000000000001111111111000000000000000211111112200
000000011111111000000000000000000000000000000000000000000111111011000000000000000211111111200
000000001111111000000000000000000000000000000000000000000001110000000000000000000211111111220
000000011111111000000000000000000000000000000000000000000000110000000000000000000221111111210
000000111011111000000000000000000000000000000000000000000000110000000000000000000221111111110
000000011111111100000000000000000000000000000000000000000000110000000000000000000222111111100
000000011111111100000000000000000000000000000000000000000000110000000000000000000222111111100
000000011111111100000000000000000000000000000000000000000000110000000000000000000222111111100
000000011111111100000000000000000000000000000000000000000000110000000000000000002222111111100
000000011111111110000000000000000000000000000000000000000000110000000000000000002222111111100
000000111111111110000000000000000000010000000000000000000000110000000000000000002221111111100
000021111111111110000000000000000000010000000000000000110000110000000001000000002211111111000
000021111011111111000000000000000000120000000000000000111000110000000000100010002211121111000
000221111011111111000000000000000000110000000000000000111200100000000000110100001111122111000
000221111011110111000000000000000000210000000000000000112001100000000000101000011111122111000
000221111011110110000000000000000000210000000000000000120001100000001101100000011111122111000
001221110011110100000000000000000000111000000000000001100001100000001111000000111111112110000
000221110011111000000000000000000000011000000000000001100001220000000111000000111111112110000
002111000111110000000000000000000000011000000000000001100000220022110111000012111111112210000
000111100111110000000000000000000000011000000000000011000001222221111111100111111111211100000
000011111111111000000000000000000000011000000000000111000002221222111111111111111111212110000
000011111111111000000000000000000000021100000000001110000022222221111111111111111111222110000
000011111111111000000000000000000000011100000000001110000022222221111111111111111111112110000
000011111111111000000000000000000000002100000000000110000022210201111111111111111111112100000
000001111111111000000000000000000000002110000000000110000222200001111111111111111111100000000
000011111111111100000000000000000000001110000000000210002222100002211111111111111111000000000
000001111111111100000000000000000000000111000000002200002221000000211111111111111111000000000
000001111111111000000000000000000000000001110000002200022220000000211111111111111111000000000
000001011111110000000000000000000000000001111000002210222210000000221111111111111111100000000
000011011111110000000000000000000000000001111100002221222200000000210111111111111111100000000
000111111111110000000000000000000000000000111110002221222100000000000111111111111111111000000
000111111111111000000000000000000000000000011120001221221000000000001101111111111111111100000
001111111111111000000000000000000000000000001220001211211000001000001100111111111111111100000
000111111111111000000000000000000000000000001212001122100000001100011100111111111111111110000
000111111111111000000000000000000000000000000222011222200000011110021100001111111111111110000
000111111111111210000000000000000000000000000222122222200000111110011100001111111111111110000
000111111111111100000000000000000000000000000222112212120000111111111110001111111111111110000
000111111111111000000000000000000000000000000112122212210001111111111110011111111111111110000
000011111111111000000000000000000000000000000021111202210001111111111110111111111111111110000
000011111111111111111111000000000000000000000011112000221111100000121111111111111111111110000
000011111111111111111111111000000000000000000011112000212111100000211111111111111111111111000
001011111111111111121111111110000000000000000001121000122111100000121111110011111111111111000
001111111111112211122221111111100000000000002001111000022111000000221111110011111111111111000
000111111111112222122221212111111000000000012001110000022111000000121110111111111111111110000
000111111110011222122211112211111100000000121001110000002110000000121110011001111111111110000
000111111110000000000000211111111110001001210221110000000110000000021111001011111111111110000
000111111110000100000000002111211111111112121221110000000100000000022111000011111111111000000
000111111111011200000000000011121111111112222221110000001100000000022110000001111111111000000
000111111111111200000000000000121111111112222211000000000100000000122210000001111111111000000
000111111111111200000000000000022211111112221110000000000000000000022210000001101111111000000
000011212111111200000000000000002221111111210000000000000000000000022210000001101111111000000
000011222111111000000000000000000221111111100000000000000000000000122210000001100111111000000
000011222111111000000000000000000021111111000000000000000000000000122111000000100111111000000
000001221111111000000000000000000001111111000002111000000000000000221110000000000111111100000
000001222111111000000000000000000000111111100021111110000000000000221110000000000111011100000
000001122111111000000000000000000000121121110011111110000000000000211110000000000000011100000
000000122211111000000000000000000000012222111111111111111100000001111110000000000000011100000
000000112111111111000000000000000000012222111111111111111101100001111110000000000000011100000
000000112111111111100000000000000000001222111111111111111100110001111110000000000000011100000
000000111111111111100000000000000000000122111111111111111111111001111110000000000000001100000
000000111111111111100000000000000000000112111111111111111111111111111100000000000000001100000
000000011111111111100000000000000000000012111111111111111111111111111100000000000000001100000
000000011111111111110000000000000000000001111111111111111111111111111100000000000000000000000
000000011111111111110000000010000000000001111111111111111111111111111000000000000000000000000
000000011111111111111000000011000000000000011111211111111111111111111000000000000000000000000
000000011111111111111000000111100000000000001111211211111111111111110000000000000000000000000
000000011111111111111111001111100000000000001211221111121111111111110000000000000000000000000
000000111111111111111111001111100000000000001211221111110111111111110000000000000000000000000
000000111111111111111111111111110000000000001222110000000101111111110000000000000000000000000
000011111111111111111111111111110000000000011211100000010111111111111000000000000000000000000
000011111111111111111111111111100000000000111100000001110111111111111000000000000000000000000
000001111111111111111111112211200000000000022100000011111111111111111111000000000000000000000
000201111111111111111111112222221110000000022100000111111111111211111111000000000000000000000
000221111111111111111111110022221110000000021110001111111121122211111111100000000000000000000
000221111111111111111111110001221110000000011120001111001121112211111111100000000000000000000
000221111111111111111111111000221110000000002220021100111121112211111111100000000000000000000
000221111111111101111111111000021110000000000220021100111121001111111111100000000000000000000
000211111111111101111111112000001110000000000000021111111110000011111111100000000000000000000
000221111111111111111111112000001110000000000000021111111110111001111111110000000000000000000
000021111111111111111111112000000110000000000000021111111110011111111111111200000000000000000
000021111111111111111111110000000120000000000000021111111110001110111111111100000000000000000
000021221111111111111111110000001110000000000000021111111110000110012221111100000000000000000
000001221111111111111111110000002110000000000000002111111110000000002221111110000000000000000
000001221111111111111111100000002210000000000000002111111110000000002221111110000000000000000
000002221111111111111111100000000220000000000000002211111111110000000211111110000000000000000
000000121111111111111111100000000000000000000000002211111111100000000221111111000000000000000
000000221111111111111110000000000000000000000000002111111111100000000021111110000010000000000
000000021121111111111110000000000000000000000000001111112111100000000021111110000010000000000
000000021221111111111100000000000000000000000000001111222121110011200021111110001110000000000
000000022222111111110000000000000000000000000000001121222222111111200221111111111110000000000
000000022222111111110000000000000000000000001000001122222222111111100221111211111110000000000
000000002222111111100000000000000000000000001211011222222122111111001211111222211110000000000
000000002222111111100000000000000000000000001211011112222221111110000111112222221111000000000
000000000221100111000000000000000000000000001210000112222222111110000111112222221111000000000
000000000021000000000000000000000000000000001200000012222222111100000111112222221111000000000
000000000001000000000000000000000000000000111000000012222222221100000111221222221111000000000
000000000001000000000000000000000000002101120000000022222202211100000112122222221111000000000
000000000000000000000000000000000000002111110000011111222000221110000111222222221111000000000
000000000000000000000000000000000000001112110000011112220000211110001111120001221111000000000
000000000000000000000000000000000000000020010000011112200000221110011111100000021111000000000
000000000000000000000000000000000000000000011000011112200000011111111111000000011110000000000
000000000000000000000000000000000000000000001001011112000000011111111110000000000100000000000
000000000000000000000000000000000000000000001111111111000000001111111110000000000000000000000
000000000000000000000000000000000000000000000111111110000000001111111110000000000000000000000
000000000000000000000000000000000000000000000011111100000000001111110010000000000000000000000
000000000000000000000000000000000000000000000001111000000000000111100010000000000000000000000
000000000000000000000000000000000000000000000000111000000000000111000000000000000000000000000
000000000000000000000000000000000000000000000000010000000000000111000000000000000000000000000
