000000000000000000000000000000000000000000000000000000000000000000000000000000000000000000000
000000000000000000000000000000000000000000000000000000000000000000000000000000000000000000000
000000000000000000000000000000000000000000000000000000000000000000000000000000000000000000000
000000000000000000000000000000000000000000000000000000000000000000000000000000000000000000000
000000000000000000000111111100000000000000000011100000000000000000000000000000000000000000000
000000000000000100011111111100000000000000000011100000000000000000000000000000000000000000000
000000000000000100011111111100000000100000001111100000000000000000000000000000000000000000000
000000000000000111111111110000000011111111001111100000000000000000000000000000000000000000000
000000000000000111111111100000000011111111111111110000000000000000000000000000000000000000000
000000000000000111111111100000000011111111111111111000000000000000000000000000000000000000000
000000000000000001111111100000000001111111111111111100000000000000000000000000000000000000000
000000000000000001111111100000000001111111111111111110000000000000000000000000000000000000000
000000000000000001111111100000000001111111111111111111000000000000000000000000000000000000000
000000000000000001111111100000000011111111111111111111100000000000000000000000000000000000000
000000000000000001111111111000000011111111111111111111110000000000000000000000000000000000000
000000000000000001111111111000111111111111111111111111111000000000000000000000000000000000000
000000000000000111111111111000111111111111111111111111111100000000000000000000000000000000000
000000000000000111111111111000111111111111111111111111111100000000000000000000000000000000000
000000000000000111111111111000111111111111111111111111111111000000000000000000000000000000000
000000000000000111111111111100001111111111111111111111111111100000000000000111100000000000000
000000000000000011111111111111000001111111111111111111111111110000000000001111100000000000000
000000000000000011111111111111000001111111111111111111111111111000000000001111100000000000000
000000000000000011111111111111000011111111111111111111111111111100000000001111100000000000000
000000000000000011111111111111000111111111111111111111111111111110000000001111100000000000000
000000000000000011001111111111001111111111111111111111111111111111000000001111110000000000000
000000000000000011001111111111011111111111111111111111111111111111000000001111110000000000000
000000000000000000001111111111111111111111111111111111111111111110000000111111110000000000000
000000000000000000000111111111111111111111111111111111111111111110000000111111111100000000000
000000000000000000000111111111111111111001111111111111111111111100000000111111111111100000000
000000000000000000000011111111111111111000111111111111111111111100000000111111111111100000000
000000000000000000000011111111111111111000011111111111111111111100000000111111111111111000000
000000000000000000000000111111111111111000001111111111111111111100000000111111111111111000000
000000000000000000000000111111111111110000000111111111111111111000000000011111111111111000010
000000000000000000000000011111111111100000000011111111111111111000000000011111111111111001110
000000000000000000000000011111111111101111000001111111111111111000000000011001111111111001110
000000000000000000000000001111111111111111100000111111111111111000000000011001111111111111110
000000000000000000000000001111111111111111110000001111111111111100000000000000111111111111110
000000000000000000000000001111111111111111111000001111111111111100000000000000111111111111110
000000000000000000000000000011111111111111111100000000000011111110000000000000001111111111110
000000000000000000000000000011111111111111111100000000000011111110000000000000001111111111110
000000000000000000000000000111111111111111111100000000000011111110000000000000001111111111110
000000000000000000000000000111111111111111111100000000000011111110000000000000001111111111110
000000000000000000000000011111111111111111111100000000000011111110000000000000000011111111110
000000000000000000000000011111111111111111111100000000000011111110000000000000000011111111110
000000000000000000000000111111111111111111111100000000000011111111000000000000000001111111110
000000000000000000000000111111111111111111111100000000000011111111000000000000000001111111110
000000000000000000000000111111111111111111111100000000000011111111100000000000000001111111110
000000000000000000000000111111111111111111111100000000000011111111100000000000000001111111110
000000000000000000000000111111111111111111110000000000001111111111100000000000000000011111110
000000000000000000000000111111111111111111110000000000001111111111100000000000000000011111110
000000000011100010000001111111111111111111110000000000011111111111100000000000000000011111110
000000000111111111000001111111111111111111110000000000011111111111111100000000000001111111110
000000001111111111100111111111111000000000000000000000111111111111111100000000000011111111110
000000011111111111100111111111111000000000000000000000111111111111111100000000000011111111110
000000111111111111111111111111111000000000000000000011111111111111111100000000000011111111110
001100111111111111111111111111000000000000000000000011111111111111111100000000000011111111110
001111111111111111111111111111000000000000000000001111111111111111111100000000000011111111110
001111111111111111111111111110000000000000000000001111111111111111111100000000000011111111110
001111111111111111111111111110000000000000000000001111111111111110000000000000000011111111110
001111111111111111111111111110000000000000000000001111111111111110000000000000000011111111110
001111111111111111111111111100000000000000000000001111111111111111001100000000001111111111110
001111111111111111111111111100000000000000000000001111111111111111001111110000001111111111100
001111111111111111111111111000000000000000000000001111111111111111001111111000111111111111100
001111111111111111111111111000000000000000000000000111111111111111001111111111111111111111000
001111111111111111111111111000000000000000000000000111111111111111001111111111111111111111000
001111111111111111111111111000000000000000000000000111111111111111111111111111111111111100000
001111111111111111111111111100000000000000000000001111111111111111111111111111111111111100000
001111111111111111111111111110000000000000000000001111111111111111111111111111111111111000000
001111111111111111111111111110000000000000000000001111111111111111111111111111111111110000000
001111111111111111111111111110000000000000000000001111111111111111111111111111111111100000000
001111111111111111111111111110000000000000000000001111111111111111111111111111111111100000000
001111111111111111111111111110000000000000000000001111111111111111111111111111111111100000000
001111111111111111111111111100000000000000000000001111111111111111111111111111111111000000000
001111111111111111111111110000000000000000000000001111111111111111111111111111111111000000000
001111111111111111111111110000000000000000000000000001111111111111111111111111111111000000000
001111111111111111111111000000000000000000000000000001111111111111111111111111111111000000000
001111111111111111111111000000000000000000000000000000111111111111111111111111111111100000000
001111111111111111111110000000000000000000000000000000011111111111111111111111111111110000000
001111111111111110000000000000000000000000000000000000011111111111111111111111111111110000000
001111111111111110000000000000000000000000000000000000011111111111111111111111111111110000000
001111111111111100000000000000000000000000000000000000011111111111111111111111111111110000000
001111111111111100000000000000000000000000000000000000011111111111111111111111111111110000000
001111111111111100000000000000000000000000000000000011111111111111111111111111111111100000000
001111111111111100000000000000000000000000000000000011111111111111111111111111111111000000000
001111111100000000000000000000000000000000000000000011111111111111111111111111111110000000000
001111110000000000000000000000000000000000000000000011111111111111111111111111111000000000000
001111110000000000000000000000000000000000000000000001111111111111111111110000000000000000000
001111000000000000000000000000000000000000000000000001111111111111111111110000000000000000000
001111000000000000000000000000000000000000000000000011111111111111111111110000000000000000000
001100000000000000000000000000000000000000000000000011111111111111111111100000000000000000000
000000000000000000000000000000000000000000000000000011111111111111111111100000000000000000000
000000000000000000000000000000000000000000000000000111111111111111111111100000000000000000000
000000000000000000000000000000000000000000000000000111111111111111111011100000000000000000000
000000000000000000000000000000000000000000000011001111111111111111100011100000000000000000000
000000000000000000000000000000000000000000011111001111111111111110000001100000000000000000000
000000000000000000000000011111000000000000011111111111110011111110000000100000000000000000000
000000000000000000000000011111100000000001111111111111100011111000000000000000000000000000000
000000000000000000000000011111110000000001111111111111100011110000000000000000000000000000000
000000000000000000001111111111111100000001111111111111100011110000000000000000000000000000000
000000000000000000001111111111111100000001111111111111000011110000000000000000000000000000000
000000000000000000001111111111111100000011111111111111000000000000000000000000000000000000000
000000000000000000001111111111111100000011111111111111000000000000000000000000000000000000000
000000000000000000001111111111111100001111111111111111000000000000000000000000000000000000000
000000000000000000001111111111111111001111111111111111000000000000000000000000000000000000000
000000000000000011111111111111111111111111111111111111000000000000000000000000000000000000000
000000000000000011111111111111111111111111111111111111000000000000000000000000000000000000000
000000000000001111111111111111111111111111111111111110000000000000000000000000000000000000000
000000000000001111111111111111111111111111111111111100000000000000000000000000000000000000000
000000000000001111111111111111111111111111111111111000000000000000000000000000000000000000000
000000000000001111111111111111111111111111111111111000000000000000000000000000000000000000000
000000000000001111111111111111111111111111111111111000000000000000000000000000000000000000000
000000000000001111111111111111111111111111100000000000000000000000000000000000000000000000000
000000000000001111111111111111111111111111100000000000000000000000000000000000000000000000000
000000000000001111111111111111111111111111000000000000000000000000000000000000000000000000000
000000000000001111111111111111111111111110000000000000000000000000000000000000000000000000000
000000000000001111111111111111111111111110000000000000000000000000000000000000000000000000000
000000000000001111111111111111111111111000000000000000000000000000000000000000000000000000000
000000000000001111111111111111111111111000000000000000000000000000000000000000000000000000000
000000000011111111111111111111111111000000000000000000000000000000000000000000000000000000000
000000000111111111111111111111111111000000000000000000000000000000000000000000000000000000000
000000000111111111111111111111111110000000000000000000000000000000000000000000000000000000000
000000000111111111111111111111111110000000000000000000000000000000000000000000000000000000000
000000011111111111111111111111111110000000000000000000000000000000000000000000000000000000000
000000011111111111111111111111110000000000000000000000000000000000000000000000000000000000000
000000011111111111111111111111100000000000000000000000000000000000000000000000000000000000000
000000011111111111111111111111100000000000000000000000000000000000000000000000000000000000000
000111111111111111111111111110000000000000000000000000000000000000000000000000000000000000000
000111111111111111111111111100000000000000000000000000000000000000000000000000000000000000000
001111111111111111111111111100000000000000000000000000000000000000000000000000000000000000000
001111111111111111111111111100000000000000000000000000000000000000000000000000000000000000000
001111111111111111111110000000000000000000000000000000000000000000000000000000000000000000000
001111111111111111100000000000000000000000000000000000000000000000000000000000000000000000000
001111111111111111100000000000000000000000000000000000000000000000000000000000000000000000000
001111111111111111000000000000000000000000000000000000000000000000000000000000000000000000000
001111111111111111000000000000000000000000000000000000000000000000000000000000000000000000000
001111111111111110000000000000000000000000000000000000000000000000000000000000000000000000000
000000000000000000000000000000000000000000000000000000000000000000000000000000000000000000000
000000000000000000000000000000000000000000000000000000000000000000000000000000000000000000000
000000000000000000000000000000000000000000000000000000000000000000000000000000000000000000000
000000000000000000000000000000000000000000000000000000000000000000000000000000000000000000000
